# Nuclear physics data, mass excess parameter.
Time MassExcess
0 8071.3171
1 7288.9705
2 13135.7216
3 14949.8060
4 14931.2148
5 28670#
6 25900
7 2424.9156
8 25320
9 32890
10 11390
11 11680
12 38000#
13 41860
14 17595.1
15 14086.793
16 18375
17 43600#
18 49140#
19 26101
20 14908.14
21 15770.03
22 27870
23 31598
24 20946.84
25 4941.67
26 22921.5
27 35094
28 40939
29 24954.3
30 11347.6
31 12415.7
32 28910.5
33 48810
34 33051
35 33250
36 33530
37 12606.7
38 12050.7
39 15698.7
40 38800
41 40797
42 20174
43 8667.9
44 10650.3
45 24300
46 25040
47 50100#
48 25077
49 13368.9
50 0.0
51 17338.1
52 32048
53 33250
54 33950
55 35160
56 16562.2
57 3125.0113
58 5345.48
59 23112
60 39950
61 41470
62 23664
63 3019.893
64 2863.4170
65 8007.36
66 32660#
67 49800#
68 28972
69 9873.1
70 101.4380
71 2855.6
72 16780
73 57680#
74 37080
75 13694
76 5683.7
77 -4737.0014
78 10680
79 23996
80 43770
81 21039
82 7871
83 -808.81
84 1951.70
85 16461
86 52320#
87 24930
88 13114
89 -781.5
90 873.7
91 1995.1
92 5317.17
93 24190
94 59360#
95 32420
96 15862
97 3334.9
98 -1487.39
99 1751.44
100 12927
101 33040
102 37560
103 21770
104 3797.5
105 -17.40
106 -7041.9313
107 6848
108 17570
109 45960#
110 25250
111 8063
112 -47.6
113 -5731.78
114 -2184.2
115 10911
116 26120#
117 53280#
118 32040
119 9280
120 2793
121 -8024.715
122 -5182.4
123 -4599.4
124 -397.0
125 18180#
126 32160#
127 38400#
128 14610
129 3330
130 -5154.05
131 -9529.8536
132 -5473.8
133 6770
134 23770#
135 47540#
136 19070
137 7560
138 -5951.5
139 -8418.11
140 -7945.90
141 -13933.567
142 -56.9
143 368.9
144 10755
145 32000#
146 56500#
147 27440#
148 11270
149 -2108
150 -9357.8
151 -13192.83
152 -8916.2
153 3824
154 18870#
155 35710#
156 18270
157 430
158 -6862
159 -16214.582
160 -12210.31
161 -11982.01
162 -7145
163 10970#
164 25970#
165 44950#
166 24930
167 7070
168 -5517
169 -14586.65
170 -17196.66
171 -12384.30
172 -717
173 17540#
174 53850#
175 33230#
176 11240
177 -989
178 -15018.6
179 -16850.44
180 -21492.7968
181 -8951.55
182 -7159
183 4070
184 26560#
185 40300#
186 18060
187 2665
188 -10619
189 -18215.3
190 -21895.046
191 -16952.6
192 -3160
193 13140#
194 48900#
195 23100
196 8361
197 -8911
198 -15872
199 -24432.928
200 -20200.6
201 -14063
202 4440#
203 20080#
204 56290#
205 30840#
206 12650
207 -3217
208 -14954
209 -22949.01
210 -24440.88
211 -19044.6
212 -7070
213 11290#
214 37280#
215 19060
216 -955
217 -11060
218 -10100
219 -24080.91
220 -18497.9
221 -24305.22
222 -26015.70
223 -13330
224 -2200.2
225 3400#
226 20420#
227 21370#
228 46000#
229 24890
230 4894
231 -8530
232 -20493
233 -26337.5
234 -26585.99
235 -21003.4
236 -9384.1
237 6760#
238 53120#
239 32760#
240 8810
241 -2930
242 -19957
243 -24558
244 -29931.79
245 -24439.78
246 -24293.42
247 -18377.2
248 -1480#
249 13150#
250 39580#
251 16150#
252 -130
253 -14360
254 -24857.7
255 -28846.36
256 -29013.54
257 -23047.4
258 -11169
259 4600#
260 47950#
261 21420#
262 5780
263 -12480
264 -20251
265 -30664.07
266 -29521.86
267 -30231.540
268 -17426
269 -6440
270 13900#
271 55280#
272 29250#
273 9950
274 -6580
275 -18990
276 -26896.36
277 -31761.53
278 -30947.66
279 -24800.20
280 -13162
281 2840#
282 35000#
283 16050
284 -4070
285 -14760
286 -26861
287 -29798.10
288 -29126.74
289 -34714.6
290 -28800.7
291 -28670.2
292 -25342.7
293 -22059
294 -4940#
295 -4270#
296 9100#
297 43570#
298 21400
299 1930
300 -12870
301 -23160
302 -29800.2
303 -33242
304 -33807.01
305 -27274.4
306 -14168
307 1500#
308 50240#
309 29300#
310 5470
311 -8110
312 -22870
313 -27560
314 -35039.8960
315 -33535.20
316 -31891.56
317 -34846.27
318 -20523.2
319 -8850
320 10330#
321 35700#
322 13560
323 -5280
324 -19020
325 -27310
326 -33067.5
327 -35559.07
328 -35137.76
329 -28642.39
330 -25760.10
331 -15700#
332 -210#
333 43680#
334 18430#
335 940
336 -17680
337 -24910
338 -34423
339 -35021.56
340 -38547.07
341 -32121.24
342 -31504.96
343 -26044.91
344 -25122
345 -8170#
346 5990#
347 26700#
348 5770
349 -11970
350 -11650
351 -24170
352 -32010
353 -36593
354 -38408.6
355 -36187.9
356 -36036.5
357 -29321
358 -29008
359 -26255
360 -18020#
361 -2130#
362 32840#
363 12100#
364 -9120
365 -20230
366 -32673.1
367 -35810
368 -41468.5
369 -37816.1
370 -37545.2
371 -37669.9
372 -37548.5
373 -24120
374 -23850#
375 -23970#
376 -13460#
377 6400#
378 17900#
379 -3250
380 -18360
381 -29770.6
382 -36608
383 -40812.0
384 -41067.8
385 -41055.4
386 -39005.7
387 -31880
388 -18970
389 -18920#
390 -5110#
391 13580#
392 25500#
393 700#
394 -14710
395 -29720
396 -35418
397 -43135.1
398 -41757.1
399 -41614.6
400 -44123.4
401 -37073.0
402 -36271.5
403 -29474
404 -12370#
405 -12220#
406 760#
407 8000#
408 -10520#
409 -25910
410 -35696
411 -42340.1
412 -44332.1
413 -43565.3
414 -44932.4
415 -42002.1
416 -34558
417 -22260#
418 -6620#
419 -5850#
420 10700#
421 13200#
422 -4700#
423 -23720#
424 -32124
425 -44214
426 -44496
427 -48487.7
428 -44475.4
429 -42819
430 -29320
431 -18160#
432 1640#
433 18400#
434 22000#
435 300#
436 -18150#
437 -30320
438 -41289
439 -46552
440 -48558.8
441 -47956.9
442 -45330.5
443 -37616
444 -24580#
445 -9580#
446 9000#
447 7300#
448 -14500#
449 -25350
450 -39571
451 -44537
452 -44280
453 -51426.7
454 -49221.6
455 -50259.5
456 -42626.8
457 -42398
458 -34480
459 -17200#
460 -3790#
461 13500#
462 -7800#
463 -22000#
464 -35860
465 -43218
466 -49727.8
467 -52201.4
468 -51448.8
469 -48241.3
470 -40222
471 -27270#
472 -11440#
473 -3000#
474 -16200#
475 -32510
476 -40360
477 -49465
478 -51441.3
479 -55416.9
480 -50705.4
481 -50327.7
482 -48332
483 -41520
484 -33920#
485 -33540#
486 -22650#
487 -2630#
488 4600#
489 -12000#
490 -27900#
491 -37620#
492 -46830
493 -51849
494 -55284.7
495 -54687.9
496 -50945.3
497 -47904.9
498 -42645
499 -39447
500 -29370#
501 -13460#
502 -5400#
503 -23890#
504 -34220
505 -34110
506 -45590
507 -49891
508 -49783
509 -56932.5
510 -55555.4
511 -56252.5
512 -49725.6
513 -48009.5
514 -47812.1
515 -39210
516 -21690#
517 -6570#
518 -270#
519 -18120#
520 -29580
521 -41670
522 -49150
523 -55107.5
524 -57710.6
525 -57479.4
526 -54027.6
527 -45336
528 -31620#
529 -14920#
530 -13440#
531 -25270#
532 -38940
533 -46080
534 -55281.2
535 -56909.7
536 -60605.4
537 -56039.4
538 -53904
539 -38600#
540 -25730#
541 -4740#
542 -7120#
543 -20690#
544 -33540
545 -44190
546 -52524.1
547 -57486.8
548 -60180.1
549 -59344.2
550 -56082.0
551 -47310
552 -32800#
553 -15900#
554 -15170#
555 -30770#
556 -40210
557 -51830
558 -55910
559 -55840
560 -62153.4
561 -59845.9
562 -59821.0
563 -59792.8
564 -60227.7
565 -51662.1
566 -42300
567 -23990#
568 -23960#
569 -8370#
570 -10040#
571 -25220#
572 -37070
573 -47890
574 -47390
575 -55480
576 -60663.1
577 -62228.4
578 -61155.7
579 -56357.2
580 -47260
581 -34120#
582 -17000#
583 -4000#
584 -21650#
585 -32580
586 -32580#
587 -32480
588 -46500
589 -53180
590 -52910
591 -61412
592 -61649.0
593 -61590.4
594 -64472.1
595 -58344.1
596 -54188
597 -40000#
598 -27770#
599 -6400#
600 -6340#
601 -15650#
602 -29360#
603 -42180
604 -51560
605 -58921
606 -58060
607 -62898.4
608 -64220.9
609 -61983.6
610 -56345
611 -56257
612 -55927
613 -55589
614 -47090
615 -47000#
616 -33730#
617 -18050#
618 -11650#
619 -24420#
620 -40410
621 -48040
622 -48040#
623 -58901
624 -61432
625 -61410
626 -66746.1
627 -62798
628 -61171
629 -52000
630 -51183
631 -42240#
632 -24960#
633 -5200#
634 -20910#
635 -35530#
636 -46350
637 -55550
638 -61840
639 -65512.6
640 -65425.5
641 -65579.5
642 -62213.0
643 -56547.1
644 -46910#
645 -33820#
646 -15400#
647 -33150#
648 -42620
649 -42490
650 -54770
651 -59793
652 -67099.3
653 -65424.2
654 -66003.6
655 -58834.3
656 -58791.5
657 -54350
658 -39520#
659 -11250#
660 -27800#
661 -40670
662 -50880
663 -50520
664 -59170
665 -65126.1
666 -64113.1
667 -67263.7
668 -65911.6
669 -65857.7
670 -62657.2
671 -56410
672 -46980#
673 -32920#
674 -24800#
675 -36250#
676 -49570
677 -56110
678 -55940
679 -55470
680 -66006.3
681 -66258.3
682 -68899.4
683 -63724
684 -61620
685 -51500
686 -50140
687 -48480
688 -41720#
689 -19050#
690 -33400#
691 -45690
692 -45320
693 -55060
694 -63742.7
695 -62736
696 -67318.8
697 -67880.4
698 -66879.7
699 -62658
700 -62640
701 -61906
702 -56650
703 -46490#
704 -32800#
705 -28600#
706 -43130
707 -51350
708 -51200#
709 -63463.8
710 -61694
711 -60615
712 -65567.0
713 -64845.4
714 -70007.2
715 -67086.1
716 -65856.2
717 -66980
718 -58900
719 -58470
720 -54210
721 -38640#
722 -25300#
723 -38400#
724 -50000
725 -59979
726 -59658
727 -57278
728 -65736.2
729 -62994.4
730 -68418.0
731 -67979.4
732 -69327.8
733 -67100.6
734 -67013.8
735 -66702.7
736 -63090
737 -56300
738 -56260
739 -55730
740 -46480#
741 -46440#
742 -45910#
743 -32440#
744 -35900#
745 -45640
746 -45440#
747 -59150
748 -56290
749 -62976.1
750 -62875.4
751 -62734.1
752 -69564.6
753 -68910.1
754 -70563.1
755 -64340
756 -64310
757 -62050
758 -51430#
759 -49140#
760 -41680#
761 -31000#
762 -43870
763 -55200
764 -62711.1
765 -59955
766 -67327
767 -67169
768 -70140.2
769 -69907.7
770 -69709.3
771 -67894
772 -63120
773 -63070
774 -62860
775 -57060
776 -46920
777 -32300#
778 -32250#
779 -32040#
780 -28300#
781 -39300#
782 -53940
783 -59783.0
784 -59513
785 -68131
786 -68589.4
787 -68469.7
788 -72585.9
789 -71894.5
790 -68230
791 -67894
792 -59020
793 -58920
794 -53941
795 -38120#
796 -38020#
797 -37040#
798 -49860#
799 -58987
800 -65410
801 -65210
802 -65170
803 -69699.3
804 -71297.5
805 -71284.2
806 -71230.8
807 -70957
808 -68218
809 -68192
810 -63630
811 -56552
812 -56118
813 -46050#
814 -45620#
815 -31700#
816 -32250#
817 -48370#
818 -56006
819 -65710
820 -68050
821 -67990
822 -73422.4
823 -70860.0
824 -72212.7
825 -65306
826 -65292
827 -62331.5
828 -61824
829 -51917
830 -40700#
831 -29500#
832 -43900#
833 -54120
834 -62470
835 -68464.6
836 -71856.4
837 -71716.7
838 -73032.4
839 -72728.5
840 -72169.0
841 -69139
842 -64324
843 -57222
844 -46620
845 -41610#
846 -50976
847 -50980#
848 -62140
849 -66296.6
850 -73213.0
851 -72289.5
852 -72245.1
853 -75252.1
854 -70289
855 -70186
856 -69014
857 -60479.8
858 -60162.9
859 -54240
860 -38700#
861 -36750#
862 -48580#
863 -58720
864 -57950
865 -65992.3
866 -71214.0
867 -71054.3
868 -73916.6
869 -73441.2
870 -74599.6
871 -74437.7
872 -73235
873 -73129
874 -70169.4
875 -64825
876 -57804
877 -46910#
878 -34300#
879 -44750#
880 -57340
881 -54670
882 -63706.6
883 -71862
884 -72817
885 -77026.1
886 -73452
887 -73271
888 -74179.7
889 -66936
890 -66825
891 -66862
892 -63174
893 -52530#
894 -52530#
895 -41700#
896 -42330#
897 -53420#
898 -62510
899 -69490
900 -69300
901 -73637
902 -72864
903 -75917.6
904 -75821.8
905 -76068.5
906 -75860.9
907 -74443
908 -74313
909 -74296
910 -70803
911 -65477
912 -58360
913 -47360#
914 -36450#
915 -51840
916 -59140
917 -69515
918 -72159
919 -77759.9
920 -75889.5
921 -75803.7
922 -77892.5
923 -72173
924 -71679
925 -70308
926 -61220
927 -60990
928 -60910
929 -55520
930 -46130#
931 -57980
932 -66300
933 -65620
934 -72533
935 -76389.5
936 -76286.5
937 -77974.8
938 -77438.6
939 -77694.0
940 -77503.4
941 -75455
942 -75369
943 -71528
944 -66020
945 -58490
946 -47480#
947 -42460#
948 -53100#
949 -65620
950 -70320
951 -70075
952 -77594.0
953 -77496.5
954 -77450.6
955 -80589.5
956 -76188.2
957 -76119.1
958 -76008
959 -68190
960 -67790
961 -64190#
962 -52970#
963 -36300#
964 -49390#
965 -60900#
966 -69880
967 -75341
968 -75113
969 -79009
970 -75940
971 -79981.7
972 -79972.3
973 -79940.1
974 -79075
975 -79033
976 -76795
977 -76536
978 -72330
979 -72270
980 -66460
981 -66410
982 NAN
983 -58960
984 -47750#
985 -44110#
986 -58250#
987 -66080#
988 -66080#
989 -75952
990 -77799
991 -77460
992 -77391
993 -82431.0
994 -79195.0
995 -79750.0
996 -79286.4
997 -80644
998 -74160
999 -74230
1000 -71490#
1001 -61880#
1002 -61540#
1003 -55810#
1004 -40050#
1005 -53070#
1006 -63320#
1007 -72428
1008 -78610
1009 -81480.3
1010 -81175.4
1011 -79488.5
1012 -82167.331
1013 -81102.6
1014 -80863.9
1015 -77842
1016 -77822
1017 -73150
1018 -72860
1019 -67150
1020 -66390
1021 -59100#
1022 -47670#
1023 -34350#
1024 -49840#
1025 -59150#
1026 -70541
1027 -75640
1028 -83265.57
1029 -82747.02
1030 -82190.97
1031 -84523.6
1032 -81567.9
1033 -79284
1034 -79066
1035 -78982
1036 -77800
1037 -69830
1038 -69580#
1039 -64560
1040 -53210#
1041 -51710#
1042 -44240#
1043 -55980#
1044 -66580
1045 -73857
1046 -80709.43
1047 -84597.795
1048 -84880.4
1049 -84491.9
1050 -83018.7
1051 -82637.9
1052 -79348
1053 -79012
1054 -74180
1055 -74180
1056 -67690
1057 -59120#
1058 -59100#
1059 -47340#
1060 -40140#
1061 -51290#
1062 -63880
1063 -70730
1064 -70460
1065 -79692
1066 -82609.00
1067 -87921.7
1068 -84299.1
1069 -83624.6
1070 -83906.2
1071 -83623
1072 -76070
1073 -76030
1074 -72700
1075 -62710#
1076 -62710#
1077 -55650#
1078 -33690#
1079 -47140#
1080 -59200#
1081 -68570
1082 -76730
1083 -81713
1084 -86209.1
1085 -87701.7
1086 -86792.7
1087 -84869
1088 -84281
1089 -80650
1090 -80650#
1091 -75004
1092 -74617
1093 -67840#
1094 -67780#
1095 -59510#
1096 -47660#
1097 -41450#
1098 -55930#
1099 -64620
1100 -74970
1101 -79362
1102 -79255
1103 -79291
1104 -85941.6
1105 -86487.5
1106 -85805.8
1107 -88767.3
1108 -86448.3
1109 -85177.9
1110 -82656
1111 -82534
1112 -82531
1113 -82485
1114 -82274
1115 -80776
1116 -80167
1117 -77292
1118 -71210
1119 -70900
1120 -65310#
1121 -53220#
1122 -53220#
1123 -36860#
1124 -50340#
1125 -61510
1126 -71310
1127 -77745
1128 -83645
1129 -83599
1130 -86345.0
1131 -85789.4
1132 -87890.4
1133 -84723.1
1134 -86632
1135 -86527
1136 -84598
1137 -82204
1138 -81551
1139 -75980
1140 -75840
1141 -68660#
1142 -68580
1143 -59100#
1144 -47400#
1145 -30930#
1146 -46650#
1147 -56580
1148 -68785
1149 -74772
1150 -82868
1151 -84813
1152 -88453.9
1153 -86448.3
1154 -86312.8
1155 -86222.6
1156 -84245.0
1157 -86805
1158 -84045
1159 -78935
1160 -78665
1161 -74410#
1162 -63360#
1163 -55500#
1164 -40720#
1165 -53050#
1166 -64020
1167 -72618
1168 -72365
1169 -80085
1170 -84223
1171 -83464
1172 -87117.0
1173 -87208.3
1174 -87177.5
1175 -86803
1176 -84378
1177 -83603
1178 -83211
1179 -81418
1180 -77270
1181 -76540
1182 -75190
1183 -69170#
1184 -59700#
1185 -46780#
1186 -36800#
1187 -47800#
1188 -61140#
1189 -68553
1190 -78840
1191 -82348
1192 -87266.8
1193 -86364.5
1194 -86323.6
1195 -88409.7
1196 -84154
1197 -84079
1198 -82568
1199 -79923
1200 -72940#
1201 -72640
1202 -66350#
1203 -61470#
1204 -53300#
1205 -51950#
1206 -46800#
1207 -43900#
1208 -56040#
1209 -65854
1210 -75117
1211 -81207
1212 -85657.8
1213 -86781.9
1214 -86546.2
1215 -87707.5
1216 -86017
1217 -85978
1218 -83450
1219 -78340
1220 -77800
1221 -70150#
1222 -68290
1223 -60100#
1224 -59760#
1225 -57570#
1226 -55240#
1227 -46700#
1228 -38630#
1229 -53030#
1230 -61225
1231 -61230#
1232 -72939
1233 -78347
1234 -77206
1235 -85442.8
1236 -85604
1237 -88790.5
1238 -85817
1239 -85783
1240 -86072
1241 -79679
1242 -79627
1243 -76230
1244 -73700
1245 -64570#
1246 -64570#
1247 -64570#
1248 -56100#
1249 -34650#
1250 -47920#
1251 -58360
1252 -68788
1253 -68480
1254 -67957
1255 -76258
1256 -75590
1257 -72735
1258 -82946.6
1259 -85605.6
1260 -84862.3
1261 -87540.4
1262 -87220
1263 -87123
1264 -86112
1265 -82590
1266 -82330
1267 -77800
1268 -70820
1269 -68480
1270 -60600#
1271 -47000#
1272 -44800#
1273 -54220
1274 -53940
1275 -66646
1276 -72467
1277 -72050
1278 -71971
1279 -72296
1280 -81287
1281 -83529
1282 -83445
1283 -88111.7
1284 -86428
1285 -86337
1286 -88224
1287 -83175
1288 -83120#
1289 -81300
1290 -73060
1291 -72890
1292 -67630
1293 -65200
1294 -53900#
1295 -53900#
1296 -39500#
1297 -50880
1298 -62190
1299 -70201
1300 -68059
1301 -77768
1302 -82327
1303 -81962
1304 -85965.8
1305 -85868.0
1306 -87323.1
1307 -87180.4
1308 -87617.0
1309 -85574
1310 -85510
1311 -82188
1312 -76760
1313 -76250
1314 -69850#
1315 -61270#
1316 -60870#
1317 -47200#
1318 -46800#
1319 -36200#
1320 -46700#
1321 -60220
1322 -67290
1323 -67090#
1324 -76600
1325 -79939
1326 -79471
1327 -86184
1328 -86016.2
1329 -85815.5
1330 -85772.2
1331 -89219.0
1332 -85584
1333 -85476
1334 -85226
1335 -78150
1336 -78130
1337 -74250
1338 -71700
1339 -64170
1340 -56780
1341 -43600
1342 -55410
1343 -64910
1344 -73460
1345 -78942
1346 -83511
1347 -86336
1348 -86128
1349 -87949.7
1350 -87422.2
1351 -87408
1352 -87251
1353 -85428
1354 -81220
1355 -80950
1356 -75750
1357 -68610#
1358 -68060#
1359 -59560#
1360 -38310#
1361 -53080
1362 -61890
1363 -61690#
1364 -71740
1365 -76350
1366 -76220
1367 -83557
1368 -84566
1369 -84546
1370 -89098.0
1371 -86775
1372 -86634
1373 -87925.1
1374 -82265
1375 -82256
1376 -79678
1377 -70710
1378 -64930
1379 -62910
1380 -47550#
1381 -58940#
1382 -68370
1383 -75320
1384 -80850
1385 -84597
1386 -87258.8
1387 -87020.6
1388 -88022.2
1389 -87982.4
1390 -87479.1
1391 -86694.3
1392 -84791
1393 -84657
1394 -80649
1395 -74599
1396 -73967
1397 -66970#
1398 -56180#
1399 -44400#
1400 -54910#
1401 -66340#
1402 -72220
1403 -72010
1404 -80330
1405 -82490
1406 -82420
1407 -88089
1408 -86949.8
1409 -86820.8
1410 -89390
1411 -85111
1412 -85104
1413 -83975
1414 -76110
1415 -76020
1416 -71590
1417 -59180#
1418 -38580#
1419 -51350#
1420 -62360#
1421 -70850
1422 -77340
1423 -82290
1424 -85928
1425 -87846
1426 -87716
1427 -88413
1428 -87068
1429 -87043
1430 -84330
1431 -79481
1432 -78807
1433 -73260
1434 -63820
1435 -52500#
1436 -46770#
1437 -59700#
1438 -67100#
1439 -76255
1440 -79775
1441 -86322
1442 -86361
1443 -86225
1444 -89902
1445 -86937
1446 -86847
1447 -87132
1448 -80606
1449 -80577
1450 -77430
1451 -66330#
1452 -65330#
1453 -58210
1454 -42720#
1455 -55190#
1456 -64920#
1457 -72940
1458 -72870
1459 -79100
1460 -79030
1461 -83920
1462 -86863
1463 -86595
1464 -88368
1465 -88153
1466 -88402
1467 -88309
1468 -86985
1469 -83560
1470 -82882
1471 -78580
1472 -70650#
1473 -60540#
1474 -37740#
1475 -52200#
1476 -60700#
1477 -71300#
1478 -75950
1479 -83670
1480 -85020
1481 -85080
1482 -89524
1483 -87602
1484 -87493
1485 -89252
1486 -84116
1487 -84086
1488 -82041
1489 -72510#
1490 -65720
1491 -52650#
1492 -47280#
1493 -58100#
1494 -67250#
1495 -74540
1496 -80850
1497 -85011
1498 -87607
1499 -87418
1500 -88722.7
1501 -88634.7
1502 -88508
1503 -88448
1504 -88045
1505 -86489
1506 -85839
1507 -84387
1508 -82639
1509 -76259
1510 -67610
1511 -57610
1512 -43900#
1513 -53620#
1514 -65460#
1515 -70960
1516 -79980
1517 -82780
1518 -82839
1519 -88349
1520 -87460.6
1521 -87343.0
1522 -90353.0
1523 -86475
1524 -86413
1525 -85844
1526 -77540#
1527 -72280
1528 -60320#
1529 -51900
1530 -50630#
1531 -61100#
1532 -69220
1533 -76670
1534 -82357
1535 -86004
1536 -85832
1537 -88221
1538 -88161
1539 -89257.5
1540 -88861.3
1541 -88396
1542 -87859
1543 -85945
1544 -85690
1545 -80888
1546 -73480
1547 -64950#
1548 -63550#
1549 -54400#
1550 NAN
1551 -45800#
1552 -58830#
1553 -66000
1554 -75480
1555 -79740
1556 -79410
1557 -86336
1558 -86624
1559 -90580.5
1560 -87996
1561 -87839
1562 -87645
1563 -87382
1564 -88661
1565 -81601
1566 -77300
1567 -67100#
1568 -59970
1569 -46290#
1570 -42200#
1571 -54140#
1572 -63720#
1573 -72200
1574 -72070
1575 -78680
1576 -83690
1577 -83610
1578 NAN
1579 -87033
1580 -86990
1581 -89049.3
1582 -88785.8
1583 -89370
1584 -88978
1585 -88333
1586 -88256
1587 -84420
1588 -78347
1589 -71130
1590 -62090
1591 -51700
1592 -51310#
1593 -59730#
1594 -70530#
1595 -75630
1596 -75430#
1597 -83497
1598 -84949
1599 -84750
1600 -90020.9
1601 -88572
1602 -88382
1603 -88070
1604 -87930
1605 -90561
1606 -87474
1607 -84515
1608 -84020
1609 -81889
1610 -72800#
1611 -72530#
1612 -67086
1613 -54540#
1614 -45950
1615 -46310#
1616 -57110#
1617 -66430
1618 -74210
1619 -80400
1620 -80310
1621 -84990
1622 -84950
1623 -88090.5
1624 -87909.5
1625 -89537
1626 -89201
1627 -90036.0
1628 -89423.2
1629 -89322.4
1630 -87003
1631 -82063
1632 -82053
1633 -81783
1634 -76338
1635 -68657
1636 -59700#
1637 -49030#
1638 -52750#
1639 -64450#
1640 -70740
1641 -70540#
1642 -79960
1643 -82570
1644 -82490
1645 -88719
1646 -88250
1647 -88123
1648 -87960
1649 -91528.1
1650 -86821
1651 -86440
1652 -85269
1653 -77490
1654 -77090#
1655 -73047
1656 -62070#
1657 -61970#
1658 -54600#
1659 -49850#
1660 -60010#
1661 -68950#
1662 -76530
1663 -76330
1664 -82270
1665 -82240
1666 -86425
1667 -86289
1668 -88945
1669 -88630
1670 -90400.0
1671 -90085.4
1672 -88645
1673 -85097
1674 -84801
1675 -84823
1676 -80435
1677 -74185
1678 -66440
1679 -66290#
1680 -66390
1681 -57290#
1682 -46510#
1683 -46370#
1684 -45200#
1685 -57920#
1686 -65140#
1687 -75470
1688 -79570
1689 -79440
1690 -86709
1691 -87230
1692 -87130#
1693 -86990#
1694 -91656.1
1695 -87999
1696 -87749
1697 -87948
1698 -87721
1699 -80971
1700 -80781
1701 -78079
1702 -68409
1703 -68310#
1704 -68404
1705 -62370#
1706 -49620#
1707 -53240#
1708 -63240#
1709 -71620#
1710 -78560
1711 -78540#
1712 -83910
1713 -83760
1714 -87704
1715 -87393
1716 -90068.4
1717 -89978.9
1718 -89477
1719 -86625
1720 -87184
1721 -86923
1722 -83766
1723 -78794
1724 -72305
1725 -72260#
1726 -72289
1727 -64590
1728 -54970#
1729 -44000#
1730 -50940#
1731 -59230#
1732 -70150
1733 -75650
1734 -75450
1735 -83974
1736 -85740
1737 -85690#
1738 -85440#
1739 -91105.1
1740 -88623.5
1741 -88202.9
1742 -88424
1743 -88420#
1744 -88346
1745 -86096
1746 -89405
1747 -83790
1748 -83717
1749 -83470
1750 -82172
1751 -73889
1752 -73790#
1753 -73884
1754 -68890
1755 -57690#
1756 -49710#
1757 -57080#
1758 -66260#
1759 -74660
1760 -81060
1761 -80850
1762 -85841
1763 -85528
1764 -89204.1
1765 -89197.8
1766 -87205.3
1767 -89595.1
1768 -88551
1769 -88257
1770 -86287
1771 -83910
1772 -82473
1773 -77100
1774 -77032
1775 -70740
1776 -62400#
1777 -52700#
1778 -41580#
1779 -52900#
1780 -64690#
1781 -71230#
1782 -71150#
1783 -80730
1784 -83580
1785 -83540#
1786 -83290
1787 -89945.9
1788 -88330.2
1789 -88166.6
1790 -88192.7
1791 -90314.0
1792 -86080
1793 -85355
1794 -78140
1795 -78005
1796 -78010
1797 -74609
1798 -64540#
1799 -57840#
1800 -44890#
1801 -60610#
1802 -69960#
1803 -77310
1804 -76990
1805 -83426
1806 -83099
1807 -87820.5
1808 -87795.9
1809 -89224.1
1810 -89171.9
1811 -88924.3
1812 -87943
1813 -85249
1814 -85064
1815 -81044
1816 -80887
1817 -81037
1818 -75655
1819 -68710#
1820 -60180#
1821 -50340#
1822 -58800#
1823 -66470#
1824 -66470#
1825 -76710
1826 -80880
1827 -80900
1828 -88236.8
1829 -85911.8
1830 -85580.2
1831 -87620.3
1832 -87609.4
1833 -87583.5
1834 -87579.5
1835 -90524.5
1836 -87365.0
1837 -87660.1
1838 -81731
1839 -81268
1840 -81701
1841 -79090
1842 -70260
1843 -70160#
1844 -64820#
1845 -53130#
1846 -44500#
1847 -64800#
1848 -73360
1849 -73310
1850 -80480
1851 -80120
1852 -85898.5
1853 -85871.0
1854 -88255.5
1855 -89022.2
1856 -88877.4
1857 -88836.4
1858 -87192.1
1859 -86939.5
1860 -84088
1861 -83821
1862 -79668
1863 -73759
1864 -73652
1865 -66660#
1866 -57910#
1867 -47620#
1868 -61010#
1869 -72330
1870 -77810
1871 -77710
1872 -86020
1873 -83801
1874 -83456
1875 -86400
1876 -86380
1877 -86360
1878 -86300
1879 -90064.6
1880 -87911
1881 -89169
1882 -84345
1883 -84072
1884 -83749
1885 -82670
1886 -74970
1887 -74760
1888 -70821
1889 -60260#
1890 -52890#
1891 -39570#
1892 -58900#
1893 -68520
1894 -76990
1895 -76520
1896 -83499
1897 -83494
1898 -86700
1899 -88281.1
1900 -88192.8
1901 -88983
1902 -88321
1903 -88024
1904 -86240
1905 -85788
1906 -82816
1907 -82736
1908 -77896
1909 -77881
1910 -71980
1911 -71980#
1912 -64430#
1913 -63830#
1914 -55420#
1915 -45060#
1916 -54800#
1917 -67290
1918 -74360
1919 -74110
1920 -74040
1921 -83335
1922 -81244
1923 -84609
1924 -84599
1925 -88992.1
1926 -86201.4
1927 -87738
1928 -87600
1929 -87571
1930 -89860.0
1931 -87072.7
1932 -85931
1933 -85402
1934 -78630
1935 -78530#
1936 -75534
1937 -66331
1938 -60180#
1939 -48050#
1940 -39050#
1941 -52450#
1942 -52450#
1943 -63200#
1944 -63200#
1945 -72940
1946 -72560
1947 -71250
1948 -80594
1949 -80559
1950 -84628
1951 -82777
1952 -82767
1953 -82489
1954 -87003.2
1955 -86897.7
1956 -88503
1957 -88697.4
1958 -88461.3
1959 -87500
1960 -85065
1961 -85057
1962 -81326
1963 -81154
1964 -76287
1965 -76179
1966 -69774
1967 -69390
1968 -62240#
1969 -52950#
1970 -42250#
1971 -46160#
1972 -61570
1973 -69890
1974 -69840
1975 -69490
1976 -80139
1977 -78192
1978 -82292
1979 -82287
1980 -87351.4
1981 -85205.0
1982 -84690
1983 -82976.0
1984 -86932
1985 -86892
1986 -89881.7
1987 -86900
1988 -86737
1989 -86873
1990 -87261.6
1991 -84786.5
1992 -81628
1993 -79423
1994 -76969
1995 -71180
1996 -71080#
1997 -66596
1998 -55470#
1999 -47580#
2000 -33940#
2001 -55270#
2002 -68137
2003 -67790
2004 -64040
2005 -77314
2006 -77230#
2007 -81988
2008 -85209.5
2009 -85027.3
2010 -87444.4
2011 -88415.2
2012 -88251.3
2013 -88060
2014 -86683.8
2015 -86496.7
2016 -83769
2017 -83464
2018 -79720
2019 -79660
2020 -79560
2021 -74280
2022 -74130
2023 -67769
2024 -67412
2025 -59740#
2026 -50200#
2027 -39350#
2028 -50720#
2029 -62420
2030 -76554
2031 -79674
2032 -79470
2033 -85182
2034 -85700
2035 -85595
2036 -89280.5
2037 -86528.2
2038 -87155.9
2039 -88434.8
2040 -83740
2041 -83550
2042 -82474
2043 -80133
2044 -75210
2045 -75210#
2046 -71426
2047 -61710#
2048 -55250#
2049 -42500#
2050 -57930#
2051 -57600#
2052 -70950
2053 -78943
2054 -82945
2055 -82611
2056 -85887
2057 -84253
2058 -87643.6
2059 -87410.4
2060 -88070.958
2061 -87553.5
2062 -87265.3
2063 -85494
2064 -84958
2065 -82423
2066 -82386
2067 -77938
2068 -77746
2069 -72330
2070 -72200
2071 -72150
2072 -65410
2073 -65280
2074 -57130#
2075 -47280#
2076 -52020#
2077 -66800
2078 -74170
2079 -74090
2080 -82559
2081 -80868
2082 -84072
2083 -83756
2084 -88124.5
2085 -86159.0
2086 -86891.181
2087 -86752.437
2088 -88949.9
2089 -85219
2090 -84836
2091 -78510
2092 -78510#
2093 -75646
2094 -73353
2095 -66740
2096 -66740#
2097 -61510#
2098 -49830#
2099 -41570#
2100 -47200#
2101 -60800#
2102 -69710
2103 -77830
2104 -76280
2105 -83790
2106 -86417
2107 -85890
2108 -87581.9
2109 -85949.0
2110 -87850.5
2111 -87582.3
2112 -86651
2113 -84625
2114 -84179
2115 -80936
2116 -80578
2117 -76214
2118 -76149
2119 -69980
2120 -69930#
2121 -62860
2122 -62860#
2123 -54190#
2124 -44180#
2125 -56500#
2126 -64880#
2127 -64710#
2128 -74430
2129 -79500
2130 -78850
2131 -86425
2132 -84533
2133 -86338.7
2134 -85821
2135 -88886.9
2136 -86856.4
2137 -86040
2138 -85790
2139 -86468
2140 -83373
2141 -81327
2142 -80732
2143 -79199
2144 -71200
2145 -71070
2146 -66811
2147 -64546
2148 -56260#
2149 -56260#
2150 -49050#
2151 -35970#
2152 -50310#
2153 -60260#
2154 -69560
2155 -76503
2156 -82379
2157 -86545.6
2158 -87721.2
2159 -87059.5
2160 -87101
2161 -85879
2162 -85625
2163 -83177
2164 -82616
2165 -79580
2166 -79061
2167 -74073
2168 -73920
2169 -68030
2170 -67850#
2171 -60020#
2172 -51210#
2173 -41000#
2174 -55150#
2175 -65930#
2176 -72330
2177 -80150
2178 -82887
2179 -82807
2180 -82847
2181 -88261.6
2182 -86171.1
2183 -86525
2184 -86452
2185 -87569
2186 -85440
2187 -83132
2188 -82783
2189 -82018
2190 -78843
2191 -74940
2192 -74911
2193 NAN
2194 -71498
2195 -61750
2196 -55780#
2197 -53550#
2198 -43630#
2199 -34940#
2200 -50320#
2201 -60800#
2202 -68840
2203 -75644
2204 -80701
2205 -84913.7
2206 -87231.4
2207 -86952
2208 -86198
2209 -84823
2210 -81992
2211 -81761
2212 -77496
2213 -77307
2214 -72380
2215 -71923
2216 -65398
2217 -57530#
2218 -57280#
2219 -48170#
2220 -37690#
2221 -56960#
2222 -64270#
2223 -72990
2224 -77051
2225 -83271
2226 -84321.0
2227 -88083.3
2228 -85975.5
2229 -84695
2230 -83932
2231 -84252
2232 -82031
2233 -78210
2234 -77783
2235 -75456
2236 -66990
2237 -66780
2238 -61782
2239 -50480
2240 -42840#
2241 -40670#
2242 -29310#
2243 -51560#
2244 -60520#
2245 -68330
2246 -74477
2247 -79726
2248 -82938
2249 -85440.1
2250 -86020.9
2251 -84198
2252 -83441
2253 -80523
2254 -79895
2255 -75939
2256 -75763
2257 -69927
2258 -69831
2259 -63224
2260 -62846
2261 -54540
2262 -54540#
2263 -45320#
2264 -34370#
2265 -34300#
2266 -47430#
2267 -55720#
2268 -65480
2269 -70515
2270 -77823
2271 -80035
2272 -84538.5
2273 -83792.7
2274 -83789.0
2275 -85955.2
2276 -81157
2277 -80274
2278 -78993
2279 -71320
2280 -70856
2281 -66960
2282 -57060#
2283 -56780#
2284 -49960#
2285 -37470#
2286 -51640#
2287 -60450#
2288 -67671
2289 -73936
2290 -78187
2291 -81612.0
2292 -83073.5
2293 -84007.4
2294 -82966
2295 -82006
2296 -79523
2297 -78769
2298 -76729
2299 -74242
2300 -73852
2301 -68230
2302 -68080
2303 -60430
2304 -60430#
2305 -52320#
2306 -52010#
2307 -42280#
2308 -31350#
2309 -46580#
2310 -57280#
2311 -63270
2312 -62970#
2313 -71769
2314 -74890
2315 -80437
2316 -80756
2317 -80697
2318 -83753.2
2319 -81421
2320 -80580
2321 -72825
2322 -81972.0
2323 -79648.4
2324 -75622
2325 -74494
2326 -71760
2327 -62368
2328 -61971
2329 -61892
2330 -61851
2331 -56580
2332 -45200#
2333 -36910#
2334 -52100#
2335 -60057
2336 -67410
2337 -72990
2338 -77100
2339 -79632
2340 -81437.1
2341 -81274
2342 -80657.7
2343 -71871.5
2344 -77998
2345 -77282
2346 -72927
2347 -72178
2348 -65880
2349 -65880#
2350 -58290
2351 -58170
2352 -49180#
2353 -49080#
2354 -39690#
2355 -27880#
2356 -48670#
2357 -55620
2358 -65000
2359 -69120
2360 -68990
2361 -75680
2362 -76710
2363 -80931.1
2364 -79460
2365 -81002
2366 -77122
2367 -76456
2368 -76093
2369 -67770
2370 -67620#
2371 -66840#
2372 -62554
2373 -59618
2374 -51570#
2375 -44710#
2376 -31280#
2377 -31200#
2378 -43260#
2379 -52020
2380 -60600#
2381 -66850
2382 -72030
2383 -75455
2384 -78151.9
2385 -79047.9
2386 -79272.1
2387 -77550
2388 -75363
2389 -66775
2390 -70752
2391 -70701
2392 -64188
2393 -63438
2394 -55837
2395 -47050#
2396 -46950#
2397 -36370#
2398 -36300#
2399 -47300
2400 -58010
2401 -63130
2402 -70391
2403 -72531
2404 -72480#
2405 -77413.4
2406 -76872
2407 -76734
2408 -79342.2
2409 -76302
2410 -76275.8
2411 -70540
2412 -70450
2413 -61921
2414 -67859
2415 -58020
2416 -57620#
2417 -57330#
2418 -51650#
2419 -39270#
2420 -30350#
2421 -43850#
2422 -53490#
2423 -60800#
2424 -66700
2425 -71060
2426 -74380.9
2427 -76071
2428 -75831
2429 -77141.9
2430 -76447
2431 -75133
2432 -71496
2433 -71460
2434 -67715
2435 -65054
2436 -60230
2437 -61688
2438 -61639
2439 -53742
2440 -53000
2441 -44040#
2442 -33500#
2443 -38960#
2444 -50600#
2445 -57040#
2446 -64820
2447 -68304
2448 -73690
2449 -73603
2450 -77057.3
2451 -74797
2452 -74755
2453 -75769
2454 -71111
2455 -70654
2456 -69317
2457 -61948
2458 -61960
2459 -61960
2460 -57833
2461 -46610#
2462 -46470#
2463 -45800#
2464 -38730#
2465 -24940#
2466 -24900#
2467 -35220#
2468 -45820#
2469 -54290#
2470 -61500
2471 -66771
2472 -70953
2473 -73395
2474 -74582.5
2475 -74321.4
2476 -74659.1
2477 -74462.9
2478 -74195
2479 -71630
2480 -71530
2481 -68759
2482 -63632
2483 -63591
2484 -58266
2485 -55681
2486 -50782
2487 -50690
2488 -48126
2489 -41540
2490 -40790#
2491 -39750#
2492 -39090#
2493 -30200#
2494 -30130#
2495 -42600#
2496 -50070#
2497 -59110#
2498 -63810
2499 -70158
2500 -71262
2501 -71120
2502 -71010#
2503 -74768.8
2504 -72894.5
2505 -72848.9
2506 -72746.6
2507 -74714.2
2508 -70720
2509 -70220
2510 -70124
2511 -63608
2512 -63448
2513 -60588
2514 -60500
2515 -51770
2516 -51670#
2517 -46310
2518 -33420#
2519 -37620#
2520 -46930#
2521 -55350#
2522 -61630
2523 -67349
2524 -70685
2525 -72565.8
2526 -72467.4
2527 -73373.5
2528 -72889.8
2529 -72794.6
2530 -72718.6
2531 -71320
2532 -71157
2533 -69150
2534 -65019
2535 -64950
2536 -60488
2537 -54015
2538 -53972
2539 -47060#
2540 -44360#
2541 -38410
2542 -38330
2543 -35780
2544 -27300#
2545 -26550#
2546 -42380#
2547 -52700#
2548 -58200
2549 -65690
2550 -65210#
2551 -64340
2552 -68500
2553 -68380
2554 -72461.6
2555 -71744.4
2556 -71599.1
2557 -73713.2
2558 -70160
2559 -70150
2560 -69960#
2561 -70398
2562 -64644
2563 -64406
2564 -62612
2565 -54429
2566 -54360
2567 -49934
2568 -39570#
2569 -39510#
2570 -37300#
2571 -32730#
2572 -38800#
2573 -48400#
2574 -55780#
2575 -62470#
2576 -66970
2577 -70197.2
2578 -71824.5
2579 -72077.1
2580 -71956.1
2581 -71254
2582 -69160
2583 -68926
2584 -66040
2585 -65898
2586 -62215
2587 -56635
2588 -56594
2589 -50503
2590 -42554
2591 -42534
2592 -40773
2593 -34100#
2594 -23670#
2595 -45400#
2596 -51910#
2597 -60530
2598 -59100
2599 -64220
2600 -69370
2601 -67972
2602 -70093
2603 -72542.2
2604 -70404.6
2605 -70098
2606 -70044
2607 -70010
2608 -70530
2609 -65350
2610 -65300
2611 -65250#
2612 -64213
2613 -56840
2614 -56636
2615 NAN
2616 -53264
2617 -43750
2618 -43530#
2619 -37850
2620 -35890
2621 -25800#
2622 -25700#
2623 -40670#
2624 -48970#
2625 -56790#
2626 -62370
2627 -66730
2628 -69467
2629 -70830.7
2630 -70770.6
2631 -69428
2632 -69229
2633 -66829
2634 -63420
2635 -63265
2636 -58709
2637 -53442
2638 -46483
2639 -46462
2640 -38750#
2641 -29630
2642 -29610
2643 -28040
2644 -44730#
2645 -54400#
2646 -59090
2647 -65210
2648 -67210
2649 -70696.8
2650 -69477.2
2651 -69366.9
2652 -69088.8
2653 -70412
2654 -66191
2655 -66124
2656 -66010#
2657 -65304
2658 -58703
2659 -58650#
2660 -56015
2661 -47214
2662 -42104
2663 -31020#
2664 -30880#
2665 -23700#
2666 -21810#
2667 -41450#
2668 -50220#
2669 -56850#
2670 -62210
2671 -66053
2672 -68568.5
2673 -69539.0
2674 -69173.5
2675 -68820.7
2676 -67336
2677 -67130
2678 -64567
2679 -64384
2680 -64138
2681 -60570
2682 -55843
2683 -49710
2684 -49610#
2685 -42854
2686 -34448
2687 -34385
2688 -25230#
2689 -47420#
2690 -53100#
2691 -60420#
2692 -63370#
2693 -67948.6
2694 -67842.9
2695 -69678.1
2696 -66388
2697 -66328
2698 -66191
2699 -66058
2700 -60300
2701 -60230
2702 -58170
2703 -50270
2704 -50270#
2705 -45937
2706 -35880
2707 -35560#
2708 -29360
2709 -16660#
2710 -42960#
2711 -50430#
2712 -56980#
2713 -61780#
2714 -65512.7
2715 -67468.2
2716 -68061.1
2717 -67203
2718 -66992
2719 -65209
2720 -64813
2721 -61899
2722 -61892
2723 -57844
2724 -52562
2725 -52400
2726 -46319
2727 -38730#
2728 -38684
2729 -30410#
2730 -20880
2731 -20750
2732 -46310#
2733 -54750#
2734 -58650#
2735 -64287
2736 -65680
2737 -68186.8
2738 -66047
2739 -65941
2740 -66343
2741 -61484
2742 -61350
2743 -59832
2744 -52840
2745 -52720#
2746 -52540#
2747 -49173
2748 -39780
2749 -34002
2750 -22350#
2751 -22180#
2752 -14500#
2753 -43150#
2754 -50900#
2755 -56630#
2756 -61490#
2757 -64601
2758 -66386.5
2759 -66383.9
2760 -66086.0
2761 -65174
2762 -64729
2763 -62735
2764 -59304
2765 -54791
2766 -49286
2767 -42540
2768 -34910
2769 -26007
2770 -25892
2771 -16120#
2772 -48180#
2773 -53100#
2774 -59750#
2775 -62080
2776 -65973.3
2777 -64987.1
2778 -64847.3
2779 -65950
2780 -61888
2781 -61878
2782 -61023
2783 -54642
2784 -51822
2785 -43283
2786 -38234
2787 -27640#
2788 -27520
2789 -20460
2790 -7270#
2791 -7000#
2792 -43800#
2793 -50560#
2794 -56470#
2795 -60660#
2796 -63617.9
2797 -63509.7
2798 -64904.6
2799 -64528
2800 -62936
2801 -60287
2802 -56442
2803 -51636
2804 -45855
2805 -45800
2806 -38862
2807 -30657
2808 -30610
2809 -21650#
2810 -11630#
2811 -11440
2812 -46600#
2813 -54400#
2814 -57760
2815 -62590.1
2816 -63076.9
2817 -63070.9
2818 -64931.6
2819 -61894
2820 -61772
2821 -61588
2822 -56021
2823 -55990
2824 -55980
2825 -53859
2826 -46098
2827 -41892
2828 -31850#
2829 -31700
2830 -31700#
2831 -25438
2832 -13210#
2833 -13030#
2834 -4790#
2835 -43590#
2836 -50700#
2837 -55840#
2838 -59940
2839 -62287
2840 -62028
2841 -63296.7
2842 -63088.9
2843 -62548.3
2844 -62368.8
2845 -62255.5
2846 -60594
2847 -57500
2848 -57500#
2849 -53468
2850 -48351
2851 -42089
2852 -34840#
2853 -34710
2854 -26500
2855 -17079
2856 -16903
2857 -6540#
2858 -48100#
2859 -52500#
2860 -58560
2861 -60070
2862 -60010
2863 -62996.7
2864 -61317.7
2865 -61575
2866 -57060
2867 -56880
2868 -55361
2869 -48394
2870 -44890
2871 -35790
2872 NAN
2873 -29991
2874 -18740#
2875 -18690
2876 -11040
2877 -43900#
2878 -50100#
2879 -55600
2880 -58803
2881 -60928.7
2882 -61280.0
2883 -60370
2884 -60346
2885 -58077
2886 -58048
2887 -54717
2888 -50290
2889 -44918
2890 -38386
2891 -38241
2892 -30721
2893 -22081
2894 -21927
2895 -12380#
2896 -1790#
2897 -46340#
2898 -53660#
2899 -56240
2900 -56140
2901 -60114.6
2902 -59800.6
2903 -59617.4
2904 -60769.0
2905 -59510.5
2906 -57310
2907 -57217
2908 -56254
2909 -50138
2910 -47293
2911 -38918
2912 -33928
2913 -23320#
2914 -23050
2915 -16306
2916 -3610#
2917 -3340#
2918 -43500#
2919 -50110#
2920 -54520
2921 -57724.9
2922 -57526.3
2923 -59215.6
2924 -58790.6
2925 -59312.1
2926 -59216.8
2927 -59189.7
2928 -57833.5
2929 -57762.4
2930 -55431
2931 -55409
2932 -51720
2933 -47086
2934 -41250
2935 -34293
2936 -26430
2937 -26250#
2938 -17470
2939 -7565
2940 -7315
2941 3500#
2942 -47730#
2943 -51400#
2944 -56489
2945 -57380
2946 -59260.3
2947 -56741.3
2948 -56699
2949 -56632
2950 -56404
2951 -54398
2952 -51330
2953 -49097
2954 -41520
2955 -41520#
2956 -37238
2957 -27520#
2958 -27240
2959 -21101
2960 -9280#
2961 -1090
2962 -43780#
2963 -49100#
2964 -53650#
2965 -56259
2966 -55941
2967 -57556.3
2968 -57157.4
2969 -56885.8
2970 -56762.1
2971 -55412
2972 -52397
2973 -48727
2974 -43554
2975 -37438
2976 -30272
2977 -30019
2978 -21940
2979 -12820
2980 -12606
2981 -2570#
2982 -45500#
2983 -51950#
2984 -53870
2985 -56949.6
2986 -55575.3
2987 -55404.5
2988 -55846.6
2989 -54049
2990 -51741
2991 -50227
2992 -43673
2993 -39996
2994 -30869
2995 -30676
2996 -25319
2997 -14200#
2998 -13840
2999 -6647
3000 -42800#
3001 -48650#
3002 -52320
3003 -54700.6
3004 -54185.7
3005 -55170.7
3006 -53780
3007 -54483.8
3008 -52409
3009 -49633
3010 -45288
3011 -40105
3012 -33429
3013 -33357
3014 -25690
3015 -17440
3016 -17240#
3017 -7990
3018 -46500#
3019 -49370
3020 -53494.1
3021 -52444.1
3022 -53387.4
3023 -53264.5
3024 -54577.5
3025 -51370
3026 -51270
3027 -48550
3028 -50642
3029 -45063
3030 -42098
3031 -33861
3032 -28928
3033 -18540#
3034 -18380
3035 -11779
3036 550#
3037 -42800#
3038 -47470#
3039 -50989.2
3040 -50657.7
3041 -52389.0
3042 -51418.8
3043 -48489
3044 -52238.6
3045 -51819.3
3046 -52889.6
3047 -51574.1
3048 -50149.6
3049 -51547.2
3050 -51724
3051 -51538
3052 -50369
3053 -51651
3054 -47068
3055 -49702
3056 -46269
3057 -46184
3058 -41950
3059 -36047
3060 -29370
3061 -29223
3062 -21550
3063 -21334
3064 -21093
3065 -12780
3066 -3328
3067 -2521
3068 -44120#
3069 -49698
3070 -50343.0
3071 -50219
3072 -52444.3
3073 -51296.9
3074 -49998.6
3075 -49870.8
3076 -50507
3077 -50410#
3078 -48940#
3079 -47510#
3080 -50416
3081 -45653
3082 -43546
3083 -36252
3084 -31998
3085 -22330
3086 -16317
3087 -4750#
3088 3568
3089 -41600#
3090 -46420#
3091 -49064
3092 -48472
3093 -50471.9
3094 -50096.9
3095 -49366.1
3096 -50366.3
3097 -49049.0
3098 -47727.0
3099 -49304
3100 -49082
3101 -46586
3102 -46521
3103 -43020
3104 -38077
3105 -32264
3106 -24952
3107 -24853
3108 -16922
3109 -8300
3110 -7440#
3111 2000#
3112 -44400#
3113 -46690
3114 -46680
3115 -49788.4
3116 -48646.9
3117 -48936.2
3118 -48860.9
3119 -47485.2
3120 -49644
3121 -48115
3122 -45840
3123 -44359
3124 -37978
3125 -34436
3126 -25596
3127 -20245
3128 -9400#
3129 -1939
3130 -40850#
3131 -44740#
3132 -47411.9
3133 -46817
3134 -46372
3135 -45674
3136 -48441.6
3137 -48435.4
3138 -46957
3139 -46212
3140 -48254
3141 -46511
3142 -43550
3143 -43500
3144 -39472
3145 -34375
3146 -27871
3147 -20661
3148 -20460#
3149 -12801
3150 -11944
3151 -3140
3152 NAN
3153 -41880#
3154 -46059
3155 -44886
3156 -46433.3
3157 -46417.0
3158 -45913.7
3159 -48247.5
3160 -45450
3161 -45388
3162 -44609
3163 -39052
3164 -36169
3165 -28301
3166 -23576
3167 -13350
3168 -13250#
3169 -12750#
3170 -6826
3171 -39520#
3172 -43290
3173 -45296.1
3174 -45222.9
3175 -46367.0
3176 -46057.5
3177 -45811
3178 -43903
3179 -43660
3180 -43490
3181 -40197
3182 -35772
3183 -35738
3184 -30187
3185 -30114
3186 -29956
3187 -23800
3188 -23560#
3189 -23602
3190 -16587
3191 -15944
3192 -15611
3193 -7569
3194 -7475
3195 -36410#
3196 NAN
3197 -41500
3198 -40230
3199 -42841
3200 -45707.3
3201 -44227
3202 -44039
3203 -44256.1
3204 -39611
3205 -39385
3206 -37332
3207 -35493
3208 -30319
3209 -30251
3210 -30091
3211 -26349
3212 -16890
3213 -16790#
3214 -16390#
3215 -11045
3216 1050#
3217 1200#
3218 -38360#
3219 -41396
3220 -40090
3221 -43389.7
3222 -43192.3
3223 -43822.2
3224 -41698.2
3225 -42809.4
3226 -42707.1
3227 -40336
3228 -36680
3229 -36580
3230 -31867
3231 -31770#
3232 -26176
3233 -26072
3234 -19760
3235 -19300
3236 -18760
3237 -11541
3238 -11480#
3239 -2210#
3240 -2143
3241 -36430#
3242 -38610
3243 -42509.5
3244 -40992.3
3245 -38966.7
3246 -41930.2
3247 -41781
3248 -42999.5
3249 -39173
3250 -39172
3251 -37864
3252 -31715
3253 -31487
3254 NAN
3255 -28539
3256 -26322
3257 -20190
3258 -19874
3259 -19501
3260 -14681
3261 -3170
3262 -2900#
3263 -32980#
3264 -36770#
3265 -39904.8
3266 -41215.7
3267 -41218.2
3268 -39716
3269 -39530
3270 -36713
3271 -33005
3272 -32884
3273 -28118
3274 -28059
3275 -22444
3276 -22109
3277 -14980
3278 -14969
3279 -6373
3280 -6272
3281 -6121
3282 -30880#
3283 -33810#
3284 -38667
3285 -39016.1
3286 -38844.0
3287 -41136.4
3288 -38328
3289 -37360
3290 -37823
3291 -32301
3292 -30202
3293 -27478
3294 -22350
3295 -22307
3296 -22038
3297 -17815
3298 -15237
3299 -15102
3300 -15020
3301 -7200
3302 -7000#
3303 -538
3304 -31830#
3305 -35480
3306 -37978
3307 -38985.4
3308 -38954.6
3309 -38453
3310 -38081
3311 -36120
3312 -36483
3313 -36291
3314 -33582
3315 -33335
3316 -29630
3317 -29549
3318 -24602
3319 -24319
3320 -17880
3321 -17840#
3322 -10060
3323 -9880
3324 -9700
3325 -1415
3326 -28660#
3327 -34300
3328 -31920
3329 -35570
3330 -35360
3331 -38706.3
3332 -37000.9
3333 -36751.2
3334 -36725.1
3335 -36374.8
3336 -36715.0
3337 -36433.6
3338 -37323
3339 -32881
3340 -32680#
3341 -31370
3342 -24330
3343 -24200#
3344 -24040#
3345 -23920#
3346 -20417
3347 -17802
3348 -17799
3349 -17759
3350 -10900
3351 -10483
3352 -10210
3353 -4563
3354 -31110#
3355 -34349
3356 -36393.7
3357 -36319.3
3358 -36706.4
3359 -36535.2
3360 -34590
3361 -35698
3362 -35549
3363 -33810
3364 -33540
3365 -30593
3366 -30470
3367 -26281
3368 -25984
3369 -20250
3370 -20231
3371 -13240
3372 -13000
3373 -5054
3374 -5020
3375 -29650#
3376 -31710#
3377 -35880.5
3378 -33865.1
3379 -34833.2
3380 -34776.5
3381 -34665.1
3382 -36292.9
3383 -32777
3384 -32642
3385 -32345
3386 -32011
3387 -25870
3388 -25710
3389 -25694
3390 -22556
3391 -19975
3392 -19931
3393 -19813
3394 -13550
3395 -13399
3396 -8071
3397 -5470#
3398 -30300#
3399 -33392.6
3400 -34533.8
3401 -34453.6
3402 -34477.0
3403 -34327.2
3404 -33394
3405 -33104
3406 -31051
3407 -30910
3408 -27320
3409 -26950
3410 -22190
3411 -22060#
3412 -15873
3413 -15564
3414 -8360
3415 -8260#
3416 -150
3417 -27550#
3418 -32432.7
3419 -32529.3
3420 -32382.2
3421 -32160
3422 -34763.1
3423 -32262
3424 -32155
3425 -31786
3426 -32193
3427 -26830
3428 -26530#
3429 -24208
3430 -15990
3431 -15880
3432 -15760#
3433 -11005
3434 -8480
3435 -1190
3436 -711
3437 -29690
3438 -31689.8
3439 -31590
3440 -32796.8
3441 -32537.5
3442 -32570.0
3443 -32251.4
3444 -31000
3445 -30824
3446 -28155
3447 -27672
3448 -23714
3449 -23511
3450 -18024
3451 -17624
3452 -11070
3453 -10964
3454 -3476
3455 -3443
3456 5070
3457 5118
3458 -28280
3459 -29440
3460 -29229
3461 -32647.4
3462 -31140.0
3463 -31055
3464 -30544
3465 -31826.7
3466 -27497
3467 -27103
3468 -25361
3469 -23623
3470 -18009
3471 -17842
3472 -17739
3473 -13474
3474 -10984
3475 -3920
3476 -3950
3477 -3760
3478 1970
3479 -28268
3480 -28153
3481 -30422.4
3482 -30022.8
3483 -31141.1
3484 -30732.0
3485 -30541
3486 -30242
3487 -28341
3488 -27733
3489 -24749
3490 -24429
3491 -22835
3492 -19688
3493 -19000
3494 -13360
3495 -13120#
3496 -6340
3497 -6293
3498 1480
3499 1670#
3500 -25820#
