# Nuclear physics data, mass excess parameter.
Time MassExcess StandardDeviation
0 8071.3171 0.0005
1 7288.9705 0.0001
2 13135.7216 0.0003
3 14949.8060 0.0023
4 14931.2148 0.0024
5 28670# 2000#
6 25900 100
7 2424.9156 0.0001
8 25320 210
9 32890 100
10 11390 50
11 11680 50
12 38000# 4000#
13 41860 260
14 17595.1 0.8
15 14086.793 0.015
16 18375 5
17 43600# 700#
18 49140# 1010#
19 26101 17
20 14908.14 0.08
21 15770.03 0.11
22 27870 70
23 31598 7
24 20946.84 0.09
25 4941.67 0.04
26 22921.5 1.0
27 35094 23
28 40939 29
29 24954.3 1.9
30 11347.6 0.4
31 12415.7 1.0
32 28910.5 2.1
33 48810 70
34 33051 15
35 33250 40
36 33530 40
37 12606.7 0.4
38 12050.7 0.4
39 15698.7 0.4
40 38800 400
41 40797 19
42 20174 6
43 8667.9 0.4
44 10650.3 1.0
45 24300 50
46 25040 80
47 50100# 1000#
48 25077 15
49 13368.9 1.4
50 0.0 0.0
51 17338.1 1.0
52 32048 18
53 33250 70
54 33950 90
55 35160 50
56 16562.2 1.1
57 3125.0113 0.0009
58 5345.48 0.27
59 23112 10
60 39950 130
61 41470 60
62 23664 21
63 3019.893 0.004
64 2863.4170 0.0006
65 8007.36 0.11
66 32660# 400#
67 49800# 500#
68 28972 22
69 9873.1 0.8
70 101.4380 0.0007
71 2855.6 0.5
72 16780 130
73 57680# 500#
74 37080 60
75 13694 4
76 5683.7 2.6
77 -4737.0014 0.0001
78 10680 8
79 23996 20
80 43770 170
81 21039 17
82 7871 15
83 -808.81 0.11
84 1951.70 0.25
85 16461 27
86 52320# 800#
87 24930 30
88 13114 19
89 -781.5 0.6
90 873.7 0.5
91 1995.1 0.5
92 5317.17 0.28
93 24190 50
94 59360# 400#
95 32420 100
96 15862 16
97 3334.9 2.8
98 -1487.39 0.07
99 1751.44 0.29
100 12927 12
101 33040 250
102 37560 240
103 21770 60
104 3797.5 1.1
105 -17.40 0.08
106 -7041.9313 0.0018
107 6848 7
108 17570 27
109 45960# 500#
110 25250 100
111 8063 12
112 -47.6 1.8
113 -5731.78 0.04
114 -2184.2 0.7
115 10911 16
116 26120# 300#
117 53280# 900#
118 32040 190
119 9280 60
120 2793 12
121 -8024.715 0.018
122 -5182.4 0.4
123 -4599.4 0.4
124 -397.0 1.3
125 18180# 90#
126 32160# 200#
127 38400# 300#
128 14610 120
129 3330 80
130 -5154.05 0.10
131 -9529.8536 0.0027
132 -5473.8 1.3
133 6770 19
134 23770# 200#
135 47540# 400#
136 19070 240
137 7560 70
138 -5951.5 0.4
139 -8418.11 0.08
140 -7945.90 0.08
141 -13933.567 0.013
142 -56.9 2.8
143 368.9 2.8
144 10755 19
145 32000# 500#
146 56500# 500#
147 27440# 260#
148 11270 100
149 -2108 26
150 -9357.8 1.2
151 -13192.83 0.03
152 -8916.2 0.5
153 3824 10
154 18870# 200#
155 35710# 260#
156 18270 170
157 430 27
158 -6862 6
159 -16214.582 0.027
160 -12210.31 0.06
161 -11982.01 0.06
162 -7145 3
163 10970# 200#
164 25970# 300#
165 44950# 500#
166 24930 380
167 7070 110
168 -5517 4
169 -14586.65 0.05
170 -17196.66 0.12
171 -12384.30 0.15
172 -717 26
173 17540# 200#
174 53850# 600#
175 33230# 510#
176 11240 150
177 -989 13
178 -15018.6 2.0
179 -16850.44 0.13
180 -21492.7968 0.0018
181 -8951.55 0.12
182 -7159 3
183 4070 160
184 26560# 500#
185 40300# 580#
186 18060 270
187 2665 13
188 -10619 14
189 -18215.3 1.2
190 -21895.046 0.021
191 -16952.6 0.6
192 -3160 50
193 13140# 200#
194 48900# 600#
195 23100 570
196 8361 25
197 -8911 8
198 -15872 14
199 -24432.928 0.030
200 -20200.6 0.3
201 -14063 3
202 4440# 200#
203 20080# 300#
204 56290# 600#
205 30840# 900#
206 12650 210
207 -3217 12
208 -14954 20
209 -22949.01 0.04
210 -24440.88 0.18
211 -19044.6 1.5
212 -7070 50
213 11290# 210#
214 37280# 800#
215 19060 360
216 -955 18
217 -11060 90
218 -10100 90
219 -24080.91 0.05
220 -18497.9 1.0
221 -24305.22 0.19
222 -26015.70 0.14
223 -13330 7
224 -2200.2 1.8
225 3400# 100#
226 20420# 500#
227 21370# 510#
228 46000# 800#
229 24890 870
230 4894 20
231 -8530 70
232 -20493 16
233 -26337.5 1.1
234 -26585.99 0.14
235 -21003.4 0.5
236 -9384.1 0.4
237 6760# 200#
238 53120# 810#
239 32760# 900#
240 8810 230
241 -2930 110
242 -19957 14
243 -24558 5
244 -29931.79 0.11
245 -24439.78 0.18
246 -24293.42 0.18
247 -18377.2 0.4
248 -1480# 300#
249 13150# 300#
250 39580# 950#
251 16150# 400#
252 -130 180
253 -14360 40
254 -24857.7 1.9
255 -28846.36 0.10
256 -29013.54 0.04
257 -23047.4 0.7
258 -11169 20
259 4600# 200#
260 47950# 950#
261 21420# 500#
262 5780 210
263 -12480 120
264 -20251 13
265 -30664.07 0.19
266 -29521.86 0.07
267 -30231.540 0.027
268 -17426 8
269 -6440 40
270 13900# 500#
271 55280# 960#
272 29250# 900#
273 9950 330
274 -6580 170
275 -18990 40
276 -26896.36 0.20
277 -31761.53 0.05
278 -30947.66 0.21
279 -24800.20 0.09
280 -13162 22
281 2840# 300#
282 35000# 500#
283 16050 730
284 -4070 140
285 -14760 100
286 -26861 7
287 -29798.10 0.10
288 -29126.74 0.10
289 -34714.6 0.3
290 -28800.7 0.4
291 -28670.2 0.4
292 -25342.7 0.4
293 -22059 5
294 -4940# 300#
295 -4270# 320#
296 9100# 250#
297 43570# 510#
298 21400 1470
299 1930 340
300 -12870 100
301 -23160 50
302 -29800.2 1.7
303 -33242 5
304 -33807.01 0.19
305 -27274.4 1.9
306 -14168 24
307 1500# 210#
308 50240# 900#
309 29300# 700#
310 5470 560
311 -8110 140
312 -22870 140
313 -27560 30
314 -35039.8960 0.0027
315 -33535.20 0.19
316 -31891.56 0.19
317 -34846.27 0.21
318 -20523.2 2.8
319 -8850 160
320 10330# 500#
321 35700# 800#
322 13560 1840
323 -5280 220
324 -19020 120
325 -27310 70
326 -33067.5 0.3
327 -35559.07 0.19
328 -35137.76 0.24
329 -28642.39 0.23
330 -25760.10 0.23
331 -15700# 100#
332 -210# 210#
333 43680# 900#
334 18430# 500#
335 940 450
336 -17680 120
337 -24910 140
338 -34423 6
339 -35021.56 0.22
340 -38547.07 0.25
341 -32121.24 0.27
342 -31504.96 0.28
343 -26044.91 0.26
344 -25122 5
345 -8170# 200#
346 5990# 300#
347 26700# 700#
348 5770 970
349 -11970 200
350 -11650 200
351 -24170 160
352 -32010 5
353 -36593 9
354 -38408.6 0.3
355 -36187.9 1.9
356 -36036.5 1.9
357 -29321 7
358 -29008 7
359 -26255 7
360 -18020# 230#
361 -2130# 220#
362 32840# 800#
363 12100# 700#
364 -9120 390
365 -20230 110
366 -32673.1 1.6
367 -35810 40
368 -41468.5 0.4
369 -37816.1 1.8
370 -37545.2 1.8
371 -37669.9 1.8
372 -37548.5 0.7
373 -24120 120
374 -23850# 160#
375 -23970# 160#
376 -13460# 50#
377 6400# 500#
378 17900# 800#
379 -3250 1740
380 -18360 120
381 -29770.6 0.5
382 -36608 10
383 -40812.0 0.4
384 -41067.8 0.8
385 -41055.4 0.8
386 -39005.7 1.0
387 -31880 17
388 -18970 500
389 -18920# 510#
390 -5110# 300#
391 13580# 220#
392 25500# 900#
393 700# 700#
394 -14710 720
395 -29720 40
396 -35418 16
397 -43135.1 2.3
398 -41757.1 0.8
399 -41614.6 0.8
400 -44123.4 0.8
401 -37073.0 1.0
402 -36271.5 1.0
403 -29474 20
404 -12370# 110#
405 -12220# 150#
406 760# 350#
407 8000# 800#
408 -10520# 600#
409 -25910 100
410 -35696 8
411 -42340.1 2.3
412 -44332.1 2.0
413 -43565.3 2.0
414 -44932.4 0.8
415 -42002.1 0.8
416 -34558 14
417 -22260# 160#
418 -6620# 260#
419 -5850# 280#
420 10700# 500#
421 13200# 900#
422 -4700# 700#
423 -23720# 300#
424 -32124 24
425 -44214 4
426 -44496 5
427 -48487.7 0.8
428 -44475.4 2.6
429 -42819 7
430 -29320 110
431 -18160# 70#
432 1640# 400#
433 18400# 500#
434 22000# 950#
435 300# 800#
436 -18150# 500#
437 -30320 70
438 -41289 4
439 -46552 4
440 -48558.8 0.8
441 -47956.9 1.2
442 -45330.5 2.4
443 -37616 24
444 -24580# 150#
445 -9580# 260#
446 9000# 400#
447 7300# 900#
448 -14500# 700#
449 -25350 280
450 -39571 9
451 -44537 16
452 -44280 16
453 -51426.7 0.8
454 -49221.6 1.0
455 -50259.5 1.0
456 -42626.8 1.0
457 -42398 7
458 -34480 60
459 -17200# 170#
460 -3790# 260#
461 13500# 1000#
462 -7800# 700#
463 -22000# 500#
464 -35860 90
465 -43218 20
466 -49727.8 1.0
467 -52201.4 1.0
468 -51448.8 1.0
469 -48241.3 1.0
470 -40222 15
471 -27270# 150#
472 -11440# 260#
473 -3000# 900#
474 -16200# 700#
475 -32510 700
476 -40360 190
477 -49465 7
478 -51441.3 1.0
479 -55416.9 0.8
480 -50705.4 2.0
481 -50327.7 2.0
482 -48332 7
483 -41520 130
484 -33920# 70#
485 -33540# 120#
486 -22650# 80#
487 -2630# 260#
488 4600# 1000#
489 -12000# 700#
490 -27900# 500#
491 -37620# 300#
492 -46830 100
493 -51849 3
494 -55284.7 0.8
495 -54687.9 0.8
496 -50945.3 1.8
497 -47904.9 1.8
498 -42645 18
499 -39447 22
500 -29370# 160#
501 -13460# 260#
502 -5400# 900#
503 -23890# 700#
504 -34220 370
505 -34110 370
506 -45590 120
507 -49891 15
508 -49783 15
509 -56932.5 0.8
510 -55555.4 1.3
511 -56252.5 0.7
512 -49725.6 0.9
513 -48009.5 0.7
514 -47812.1 0.9
515 -39210 50
516 -21690# 210#
517 -6570# 400#
518 -270# 1000#
519 -18120# 700#
520 -29580 740
521 -41670 150
522 -49150 100
523 -55107.5 0.8
524 -57710.6 0.7
525 -57479.4 0.7
526 -54027.6 0.7
527 -45336 11
528 -31620# 300#
529 -14920# 250#
530 -13440# 900#
531 -25270# 700#
532 -38940 200
533 -46080 200
534 -55281.2 1.9
535 -56909.7 0.7
536 -60605.4 0.7
537 -56039.4 2.1
538 -53904 11
539 -38600# 140#
540 -25730# 260#
541 -4740# 260#
542 -7120# 1000#
543 -20690# 700#
544 -33540 460
545 -44190 230
546 -52524.1 1.9
547 -57486.8 1.8
548 -60180.1 0.7
549 -59344.2 0.7
550 -56082.0 1.8
551 -47310 16
552 -32800# 100#
553 -15900# 260#
554 -15170# 800#
555 -30770# 700#
556 -40210 250
557 -51830 200
558 -55910 30
559 -55840 30
560 -62153.4 0.7
561 -59845.9 1.2
562 -59821.0 1.2
563 -59792.8 1.2
564 -60227.7 0.6
565 -51662.1 1.6
566 -42300 50
567 -23990# 210#
568 -23960# 230#
569 -8370# 320#
570 -10040# 900#
571 -25220# 700#
572 -37070 310
573 -47890 240
574 -47390 240
575 -55480 30
576 -60663.1 0.7
577 -62228.4 0.6
578 -61155.7 0.6
579 -56357.2 0.8
580 -47260 40
581 -34120# 170#
582 -17000# 280#
583 -4000# 900#
584 -21650# 800#
585 -32580 470
586 -32580# 490#
587 -32480 470
588 -46500 210
589 -53180 90
590 -52910 90
591 -61412 3
592 -61649.0 0.6
593 -61590.4 0.6
594 -64472.1 0.6
595 -58344.1 1.7
596 -54188 11
597 -40000# 110#
598 -27770# 230#
599 -6400# 600#
600 -6340# 600#
601 -15650# 900#
602 -29360# 400#
603 -42180 250
604 -51560 230
605 -58921 20
606 -58060 20
607 -62898.4 0.9
608 -64220.9 0.6
609 -61983.6 1.0
610 -56345 16
611 -56257 16
612 -55927 16
613 -55589 16
614 -47090 50
615 -47000# 110#
616 -33730# 300#
617 -18050# 600#
618 -11650# 900#
619 -24420# 500#
620 -40410 340
621 -48040 220
622 -48040# 270#
623 -58901 14
624 -61432 20
625 -61410 21
626 -66746.1 0.6
627 -62798 4
628 -61171 10
629 -52000 28
630 -51183 28
631 -42240# 140#
632 -24960# 300#
633 -5200# 1000#
634 -20910# 600#
635 -35530# 300#
636 -46350 260
637 -55550 170
638 -61840 20
639 -65512.6 0.6
640 -65425.5 0.6
641 -65579.5 0.6
642 -62213.0 1.6
643 -56547.1 1.3
644 -46910# 200#
645 -33820# 500#
646 -15400# 700#
647 -33150# 400#
648 -42620 270
649 -42490 270
650 -54770 280
651 -59793 20
652 -67099.3 0.6
653 -65424.2 0.6
654 -66003.6 0.7
655 -58834.3 2.0
656 -58791.5 2.0
657 -54350 30
658 -39520# 360#
659 -11250# 800#
660 -27800# 500#
661 -40670 540
662 -50880 240
663 -50520 240
664 -59170 13
665 -65126.1 0.6
666 -64113.1 1.2
667 -67263.7 0.7
668 -65911.6 0.7
669 -65857.7 0.7
670 -62657.2 0.8
671 -56410 100
672 -46980# 300#
673 -32920# 600#
674 -24800# 600#
675 -36250# 400#
676 -49570 300
677 -56110 250
678 -55940 250
679 -55470 250
680 -66006.3 1.4
681 -66258.3 0.7
682 -68899.4 0.9
683 -63724 3
684 -61620 30
685 -51500 680
686 -50140 680
687 -48480 680
688 -41720# 300#
689 -19050# 700#
690 -33400# 500#
691 -45690 420
692 -45320 420
693 -55060 320
694 -63742.7 2.9
695 -62736 4
696 -67318.8 1.2
697 -67880.4 0.9
698 -66879.7 1.3
699 -62658 5
700 -62640 5
701 -61906 5
702 -56650 100
703 -46490# 200#
704 -32800# 500#
705 -28600# 600#
706 -43130 700
707 -51350 320
708 -51200# 350#
709 -63463.8 3.0
710 -61694 3
711 -60615 3
712 -65567.0 1.6
713 -64845.4 1.7
714 -70007.2 1.0
715 -67086.1 1.5
716 -65856.2 1.5
717 -66980 6
718 -58900 40
719 -58470 40
720 -54210 30
721 -38640# 360#
722 -25300# 800#
723 -38400# 500#
724 -50000 340
725 -59979 4
726 -59658 4
727 -57278 11
728 -65736.2 1.4
729 -62994.4 1.7
730 -68418.0 1.0
731 -67979.4 1.0
732 -69327.8 1.2
733 -67100.6 1.3
734 -67013.8 1.3
735 -66702.7 1.3
736 -63090 30
737 -56300 30
738 -56260 30
739 -55730 30
740 -46480# 110#
741 -46440# 150#
742 -45910# 150#
743 -32440# 400#
744 -35900# 600#
745 -45640 840
746 -45440# 860#
747 -59150 350
748 -56290 350
749 -62976.1 1.6
750 -62875.4 2.0
751 -62734.1 2.1
752 -69564.6 2.0
753 -68910.1 1.2
754 -70563.1 1.0
755 -64340 50
756 -64310 50
757 -62050 60
758 -51430# 310#
759 -49140# 310#
760 -41680# 390#
761 -31000# 800#
762 -43870 840
763 -55200 370
764 -62711.1 1.5
765 -59955 10
766 -67327 10
767 -67169 10
768 -70140.2 1.0
769 -69907.7 1.0
770 -69709.3 1.0
771 -67894 4
772 -63120 30
773 -63070 30
774 -62860 30
775 -57060 570
776 -46920 650
777 -32300# 500#
778 -32250# 510#
779 -32040# 510#
780 -28300# 800#
781 -39300# 600#
782 -53940 440
783 -59783.0 1.4
784 -59513 3
785 -68131 6
786 -68589.4 1.0
787 -68469.7 1.0
788 -72585.9 1.6
789 -71894.5 1.6
790 -68230 4
791 -67894 12
792 -59020 60
793 -58920 60
794 -53941 8
795 -38120# 500#
796 -38020# 510#
797 -37040# 700#
798 -49860# 300#
799 -58987 4
800 -65410 40
801 -65210 40
802 -65170 40
803 -69699.3 1.7
804 -71297.5 1.6
805 -71284.2 1.6
806 -71230.8 1.6
807 -70957 4
808 -68218 11
809 -68192 11
810 -63630 50
811 -56552 7
812 -56118 7
813 -46050# 150#
814 -45620# 180#
815 -31700# 600#
816 -32250# 800#
817 -48370# 400#
818 -56006 6
819 -65710 50
820 -68050 4
821 -67990 4
822 -73422.4 1.6
823 -70860.0 2.3
824 -72212.7 1.7
825 -65306 15
826 -65292 15
827 -62331.5 2.0
828 -61824 10
829 -51917 4
830 -40700# 500#
831 -29500# 800#
832 -43900# 400#
833 -54120 980
834 -62470 70
835 -68464.6 2.4
836 -71856.4 1.6
837 -71716.7 1.6
838 -73032.4 1.8
839 -72728.5 1.8
840 -72169.0 1.7
841 -69139 14
842 -64324 8
843 -57222 7
844 -46620 220
845 -41610# 900#
846 -50976 7
847 -50980# 200#
848 -62140 80
849 -66296.6 2.0
850 -73213.0 1.7
851 -72289.5 1.8
852 -72245.1 1.8
853 -75252.1 1.7
854 -70289 9
855 -70186 9
856 -69014 4
857 -60479.8 1.9
858 -60162.9 1.9
859 -54240 40
860 -38700# 500#
861 -36750# 500#
862 -48580# 400#
863 -58720 120
864 -57950 120
865 -65992.3 2.4
866 -71214.0 1.7
867 -71054.3 1.7
868 -73916.6 2.3
869 -73441.2 2.3
870 -74599.6 1.7
871 -74437.7 1.7
872 -73235 3
873 -73129 3
874 -70169.4 2.0
875 -64825 7
876 -57804 9
877 -46910# 60#
878 -34300# 1100#
879 -44750# 400#
880 -57340 90
881 -54670 90
882 -63706.6 2.4
883 -71862 4
884 -72817 10
885 -77026.1 1.7
886 -73452 4
887 -73271 4
888 -74179.7 1.1
889 -66936 7
890 -66825 7
891 -66862 14
892 -63174 7
893 -52530# 400#
894 -52530# 640#
895 -41700# 500#
896 -42330# 500#
897 -53420# 260#
898 -62510 100
899 -69490 90
900 -69300 90
901 -73637 6
902 -72864 6
903 -75917.6 1.7
904 -75821.8 1.7
905 -76068.5 2.0
906 -75860.9 2.0
907 -74443 4
908 -74313 4
909 -74296 4
910 -70803 6
911 -65477 8
912 -58360 450
913 -47360# 400#
914 -36450# 600#
915 -51840 170
916 -59140 120
917 -69515 28
918 -72159 23
919 -77759.9 2.0
920 -75889.5 2.0
921 -75803.7 2.0
922 -77892.5 1.5
923 -72173 7
924 -71679 7
925 -70308 7
926 -61220 180
927 -60990 180
928 -60910 180
929 -55520 1490
930 -46130# 300#
931 -57980 190
932 -66300 120
933 -65620 120
934 -72533 6
935 -76389.5 2.0
936 -76286.5 2.0
937 -77974.8 2.0
938 -77438.6 2.0
939 -77694.0 2.0
940 -77503.4 2.0
941 -75455 6
942 -75369 6
943 -71528 6
944 -66020 60
945 -58490 170
946 -47480# 1500#
947 -42460# 500#
948 -53100# 300#
949 -65620 240
950 -70320 200
951 -70075 25
952 -77594.0 2.0
953 -77496.5 1.9
954 -77450.6 1.9
955 -80589.5 1.8
956 -76188.2 2.8
957 -76119.1 2.4
958 -76008 6
959 -68190 100
960 -67790 100
961 -64190# 230#
962 -52970# 300#
963 -36300# 500#
964 -49390# 300#
965 -60900# 200#
966 -69880 220
967 -75341 4
968 -75113 4
969 -79009 4
970 -75940 4
971 -79981.7 2.8
972 -79972.3 2.8
973 -79940.1 2.8
974 -79075 6
975 -79033 6
976 -76795 10
977 -76536 10
978 -72330 40
979 -72270 40
980 -66460 100
981 -66410 100
982 non-exist RN
983 -58960 310
984 -47750# 500#
985 -44110# 400#
986 -58250# 300#
987 -66080# 300#
988 -66080# 320#
989 -75952 15
990 -77799 15
991 -77460 100
992 -77391 15
993 -82431.0 2.8
994 -79195.0 2.8
995 -79750.0 2.8
996 -79286.4 2.8
997 -80644 3
998 -74160 90
999 -74230 170
1000 -71490# 200#
1001 -61880# 300#
1002 -61540# 300#
1003 -55810# 400#
1004 -40050# 500#
1005 -53070# 400#
1006 -63320# 200#
1007 -72428 30
1008 -78610 19
1009 -81480.3 1.9
1010 -81175.4 1.9
1011 -79488.5 2.3
1012 -82167.331 0.011
1013 -81102.6 2.8
1014 -80863.9 2.8
1015 -77842 19
1016 -77822 19
1017 -73150 100
1018 -72860 100
1019 -67150 220
1020 -66390 220
1021 -59100# 280#
1022 -47670# 400#
1023 -34350# 800#
1024 -49840# 500#
1025 -59150# 300#
1026 -70541 16
1027 -75640 11
1028 -83265.57 0.10
1029 -82747.02 0.20
1030 -82190.97 0.27
1031 -84523.6 1.1
1032 -81567.9 1.1
1033 -79284 14
1034 -79066 14
1035 -78982 14
1036 -77800 30
1037 -69830 90
1038 -69580# 180#
1039 -64560 440
1040 -53210# 300#
1041 -51710# 340#
1042 -44240# 500#
1043 -55980# 300#
1044 -66580 40
1045 -73857 18
1046 -80709.43 0.27
1047 -84597.795 0.012
1048 -84880.4 1.1
1049 -84491.9 1.1
1050 -83018.7 1.6
1051 -82637.9 1.6
1052 -79348 8
1053 -79012 8
1054 -74180 60
1055 -74180 60
1056 -67690 220
1057 -59120# 300#
1058 -59100# 310#
1059 -47340# 600#
1060 -40140# 700#
1061 -51290# 500#
1062 -63880 50
1063 -70730 40
1064 -70460 40
1065 -79692 13
1066 -82609.00 0.16
1067 -87921.7 1.1
1068 -84299.1 1.9
1069 -83624.6 1.9
1070 -83906.2 1.9
1071 -83623 10
1072 -76070 100
1073 -76030 100
1074 -72700 20
1075 -62710# 200#
1076 -62710# 360#
1077 -55650# 400#
1078 -33690# 900#
1079 -47140# 500#
1080 -59200# 300#
1081 -68570 60
1082 -76730 50
1083 -81713 5
1084 -86209.1 1.1
1085 -87701.7 2.6
1086 -86792.7 2.6
1087 -84869 4
1088 -84281 4
1089 -80650 27
1090 -80650# 40#
1091 -75004 15
1092 -74617 15
1093 -67840# 200#
1094 -67780# 200#
1095 -59510# 500#
1096 -47660# 450#
1097 -41450# 800#
1098 -55930# 400#
1099 -64620 80
1100 -74970 19
1101 -79362 7
1102 -79255 7
1103 -79291 14
1104 -85941.6 2.9
1105 -86487.5 2.6
1106 -85805.8 2.6
1107 -88767.3 2.4
1108 -86448.3 2.4
1109 -85177.9 2.4
1110 -82656 5
1111 -82534 5
1112 -82531 5
1113 -82485 5
1114 -82274 5
1115 -80776 5
1116 -80167 6
1117 -77292 6
1118 -71210 240
1119 -70900 300
1120 -65310# 300#
1121 -53220# 500#
1122 -53220# 710#
1123 -36860# 900#
1124 -50340# 500#
1125 -61510 70
1126 -71310 60
1127 -77745 8
1128 -83645 5
1129 -83599 11
1130 -86345.0 2.9
1131 -85789.4 2.9
1132 -87890.4 2.3
1133 -84723.1 2.3
1134 -86632 4
1135 -86527 4
1136 -84598 4
1137 -82204 11
1138 -81551 11
1139 -75980 200
1140 -75840 200
1141 -68660# 580#
1142 -68580 500
1143 -59100# 400#
1144 -47400# 570#
1145 -30930# 900#
1146 -46650# 600#
1147 -56580 50
1148 -68785 12
1149 -74772 6
1150 -82868 3
1151 -84813 9
1152 -88453.9 2.3
1153 -86448.3 2.8
1154 -86312.8 2.8
1155 -86222.6 2.8
1156 -84245.0 2.8
1157 -86805 4
1158 -84045 4
1159 -78935 26
1160 -78665 26
1161 -74410# 300#
1162 -63360# 400#
1163 -55500# 500#
1164 -40720# 800#
1165 -53050# 300#
1166 -64020 100
1167 -72618 8
1168 -72365 8
1169 -80085 8
1170 -84223 11
1171 -83464 11
1172 -87117.0 2.3
1173 -87208.3 2.4
1174 -87177.5 2.4
1175 -86803 4
1176 -84378 4
1177 -83603 4
1178 -83211 4
1179 -81418 4
1180 -77270 90
1181 -76540 90
1182 -75190 90
1183 -69170# 400#
1184 -59700# 400#
1185 -46780# 600#
1186 -36800# 800#
1187 -47800# 400#
1188 -61140# 300#
1189 -68553 8
1190 -78840 7
1191 -82348 7
1192 -87266.8 2.4
1193 -86364.5 2.4
1194 -86323.6 2.4
1195 -88409.7 1.9
1196 -84154 4
1197 -84079 4
1198 -82568 13
1199 -79923 13
1200 -72940# 450#
1201 -72640 400
1202 -66350# 400#
1203 -61470# 400#
1204 -53300# 500#
1205 -51950# 640#
1206 -46800# 500#
1207 -43900# 500#
1208 -56040# 400#
1209 -65854 21
1210 -75117 7
1211 -81207 7
1212 -85657.8 2.4
1213 -86781.9 2.0
1214 -86546.2 2.0
1215 -87707.5 1.9
1216 -86017 5
1217 -85978 5
1218 -83450 12
1219 -78340 150
1220 -77800 150
1221 -70150# 400#
1222 -68290 300
1223 -60100# 400#
1224 -59760# 400#
1225 -57570# 400#
1226 -55240# 400#
1227 -46700# 600#
1228 -38630# 700#
1229 -53030# 500#
1230 -61225 29
1231 -61230# 200#
1232 -72939 27
1233 -78347 23
1234 -77206 21
1235 -85442.8 2.8
1236 -85604 4
1237 -88790.5 1.9
1238 -85817 5
1239 -85783 5
1240 -86072 8
1241 -79679 13
1242 -79627 13
1243 -76230 150
1244 -73700 150
1245 -64570# 400#
1246 -64570# 400#
1247 -64570# 400#
1248 -56100# 500#
1249 -34650# 800#
1250 -47920# 500#
1251 -58360 30
1252 -68788 19
1253 -68480 19
1254 -67957 19
1255 -76258 12
1256 -75590 12
1257 -72735 12
1258 -82946.6 2.8
1259 -85605.6 2.6
1260 -84862.3 2.6
1261 -87540.4 1.9
1262 -87220 5
1263 -87123 5
1264 -86112 8
1265 -82590 40
1266 -82330 40
1267 -77800 300
1268 -70820 320
1269 -68480 320
1270 -60600# 400#
1271 -47000# 600#
1272 -44800# 600#
1273 -54220 50
1274 -53940 120
1275 -66646 26
1276 -72467 25
1277 -72050 30
1278 -71971 25
1279 -72296 25
1280 -81287 20
1281 -83529 6
1282 -83445 7
1283 -88111.7 1.9
1284 -86428 4
1285 -86337 4
1286 -88224 6
1287 -83175 12
1288 -83120# 50#
1289 -81300 21
1290 -73060 70
1291 -72890 70
1292 -67630 80
1293 -65200 80
1294 -53900# 200#
1295 -53900# 540#
1296 -39500# 600#
1297 -50880 130
1298 -62190 80
1299 -70201 24
1300 -68059 24
1301 -77768 20
1302 -82327 13
1303 -81962 13
1304 -85965.8 1.9
1305 -85868.0 1.9
1306 -87323.1 2.0
1307 -87180.4 2.0
1308 -87617.0 2.0
1309 -85574 7
1310 -85510 7
1311 -82188 15
1312 -76760 150
1313 -76250 150
1314 -69850# 210#
1315 -61270# 400#
1316 -60870# 430#
1317 -47200# 600#
1318 -46800# 610#
1319 -36200# 500#
1320 -46700# 300#
1321 -60220 130
1322 -67290 80
1323 -67090# 220#
1324 -76600 40
1325 -79939 26
1326 -79471 28
1327 -86184 6
1328 -86016.2 2.2
1329 -85815.5 2.2
1330 -85772.2 2.2
1331 -89219.0 2.0
1332 -85584 18
1333 -85476 18
1334 -85226 11
1335 -78150 80
1336 -78130 80
1337 -74250 100
1338 -71700 100
1339 -64170 250
1340 -56780 710
1341 -43600 170
1342 -55410 120
1343 -64910 100
1344 -73460 30
1345 -78942 19
1346 -83511 6
1347 -86336 24
1348 -86128 24
1349 -87949.7 2.0
1350 -87422.2 2.0
1351 -87408 17
1352 -87251 17
1353 -85428 18
1354 -81220 100
1355 -80950 100
1356 -75750 150
1357 -68610# 300#
1358 -68060# 320#
1359 -59560# 300#
1360 -38310# 500#
1361 -53080 110
1362 -61890 90
1363 -61690# 220#
1364 -71740 50
1365 -76350 40
1366 -76220 50
1367 -83557 21
1368 -84566 9
1369 -84546 13
1370 -89098.0 2.0
1371 -86775 5
1372 -86634 5
1373 -87925.1 3.0
1374 -82265 28
1375 -82256 28
1376 -79678 29
1377 -70710 110
1378 -64930 130
1379 -62910 130
1380 -47550# 500#
1381 -58940# 300#
1382 -68370 110
1383 -75320 70
1384 -80850 60
1385 -84597 10
1386 -87258.8 2.0
1387 -87020.6 2.1
1388 -88022.2 2.8
1389 -87982.4 2.8
1390 -87479.1 2.9
1391 -86694.3 2.9
1392 -84791 17
1393 -84657 17
1394 -80649 15
1395 -74599 25
1396 -73967 25
1397 -66970# 300#
1398 -56180# 300#
1399 -44400# 700#
1400 -54910# 400#
1401 -66340# 400#
1402 -72220 100
1403 -72010 100
1404 -80330 50
1405 -82490 50
1406 -82420 50
1407 -88089 3
1408 -86949.8 2.8
1409 -86820.8 2.8
1410 -89390 4
1411 -85111 6
1412 -85104 6
1413 -83975 9
1414 -76110 80
1415 -76020 80
1416 -71590 100
1417 -59180# 360#
1418 -38580# 700#
1419 -51350# 500#
1420 -62360# 400#
1421 -70850 100
1422 -77340 70
1423 -82290 60
1424 -85928 3
1425 -87846 4
1426 -87716 4
1427 -88413 4
1428 -87068 11
1429 -87043 11
1430 -84330 12
1431 -79481 17
1432 -78807 17
1433 -73260 80
1434 -63820 100
1435 -52500# 500#
1436 -46770# 700#
1437 -59700# 500#
1438 -67100# 200#
1439 -76255 18
1440 -79775 13
1441 -86322 8
1442 -86361 8
1443 -86225 11
1444 -89902 4
1445 -86937 5
1446 -86847 5
1447 -87132 6
1448 -80606 12
1449 -80577 12
1450 -77430 50
1451 -66330# 310#
1452 -65330# 590#
1453 -58210 130
1454 -42720# 500#
1455 -55190# 300#
1456 -64920# 400#
1457 -72940 160
1458 -72870 160
1459 -79100 150
1460 -79030 150
1461 -83920 120
1462 -86863 12
1463 -86595 12
1464 -88368 4
1465 -88153 4
1466 -88402 4
1467 -88309 4
1468 -86985 6
1469 -83560 11
1470 -82882 11
1471 -78580 80
1472 -70650# 300#
1473 -60540# 300#
1474 -37740# 800#
1475 -52200# 600#
1476 -60700# 300#
1477 -71300# 200#
1478 -75950 130
1479 -83670 120
1480 -85020 110
1481 -85080 40
1482 -89524 3
1483 -87602 4
1484 -87493 4
1485 -89252 6
1486 -84116 10
1487 -84086 10
1488 -82041 20
1489 -72510# 210#
1490 -65720 100
1491 -52650# 360#
1492 -47280# 500#
1493 -58100# 500#
1494 -67250# 300#
1495 -74540 100
1496 -80850 70
1497 -85011 12
1498 -87607 3
1499 -87418 3
1500 -88722.7 2.9
1501 -88634.7 2.9
1502 -88508 4
1503 -88448 4
1504 -88045 4
1505 -86489 6
1506 -85839 6
1507 -84387 6
1508 -82639 10
1509 -76259 19
1510 -67610 60
1511 -57610 100
1512 -43900# 800#
1513 -53620# 500#
1514 -65460# 400#
1515 -70960 80
1516 -79980 50
1517 -82780 50
1518 -82839 22
1519 -88349 11
1520 -87460.6 2.9
1521 -87343.0 2.9
1522 -90353.0 2.7
1523 -86475 12
1524 -86413 12
1525 -85844 14
1526 -77540# 200#
1527 -72280 50
1528 -60320# 310#
1529 -51900 130
1530 -50630# 500#
1531 -61100# 400#
1532 -69220 110
1533 -76670 70
1534 -82357 30
1535 -86004 11
1536 -85832 11
1537 -88221 3
1538 -88161 3
1539 -89257.5 2.7
1540 -88861.3 2.7
1541 -88396 5
1542 -87859 5
1543 -85945 7
1544 -85690 7
1545 -80888 28
1546 -73480 70
1547 -64950# 300#
1548 -63550# 300#
1549 -54400# 300#
1550 non-exist RN
1551 -45800# 700#
1552 -58830# 600#
1553 -66000 120
1554 -75480 70
1555 -79740 50
1556 -79410 60
1557 -86336 18
1558 -86624 17
1559 -90580.5 2.7
1560 -87996 5
1561 -87839 5
1562 -87645 5
1563 -87382 5
1564 -88661 4
1565 -81601 18
1566 -77300 170
1567 -67100# 210#
1568 -59970 100
1569 -46290# 300#
1570 -42200# 800#
1571 -54140# 600#
1572 -63720# 300#
1573 -72200 70
1574 -72070 70
1575 -78680 50
1576 -83690 40
1577 -83610 40
1578 non-exist RN
1579 -87033 17
1580 -86990 17
1581 -89049.3 2.7
1582 -88785.8 2.7
1583 -89370 3
1584 -88978 3
1585 -88333 4
1586 -88256 4
1587 -84420 18
1588 -78347 28
1589 -71130 50
1590 -62090 80
1591 -51700 100
1592 -51310# 700#
1593 -59730# 600#
1594 -70530# 230#
1595 -75630 110
1596 -75430# 190#
1597 -83497 24
1598 -84949 25
1599 -84750 25
1600 -90020.9 2.7
1601 -88572 3
1602 -88382 3
1603 -88070 3
1604 -87930 3
1605 -90561 3
1606 -87474 3
1607 -84515 28
1608 -84020 28
1609 -81889 28
1610 -72800# 300#
1611 -72530# 300#
1612 -67086 11
1613 -54540# 310#
1614 -45950 140
1615 -46310# 800#
1616 -57110# 700#
1617 -66430 130
1618 -74210 80
1619 -80400 60
1620 -80310 60
1621 -84990 30
1622 -84950 30
1623 -88090.5 2.7
1624 -87909.5 2.7
1625 -89537 4
1626 -89201 4
1627 -90036.0 2.9
1628 -89423.2 2.9
1629 -89322.4 2.9
1630 -87003 16
1631 -82063 28
1632 -82053 29
1633 -81783 28
1634 -76338 29
1635 -68657 12
1636 -59700# 300#
1637 -49030# 600#
1638 -52750# 700#
1639 -64450# 700#
1640 -70740 140
1641 -70540# 210#
1642 -79960 60
1643 -82570 50
1644 -82490 50
1645 -88719 3
1646 -88250 4
1647 -88123 4
1648 -87960 4
1649 -91528.1 2.9
1650 -86821 6
1651 -86440 40
1652 -85269 28
1653 -77490 100
1654 -77090# 110#
1655 -73047 13
1656 -62070# 100#
1657 -61970# 120#
1658 -54600# 400#
1659 -49850# 700#
1660 -60010# 700#
1661 -68950# 500#
1662 -76530 60
1663 -76330 60
1664 -82270 50
1665 -82240 50
1666 -86425 3
1667 -86289 3
1668 -88945 6
1669 -88630 6
1670 -90400.0 2.9
1671 -90085.4 2.9
1672 -88645 9
1673 -85097 13
1674 -84801 13
1675 -84823 13
1676 -80435 28
1677 -74185 10
1678 -66440 60
1679 -66290# 100#
1680 -66390 80
1681 -57290# 300#
1682 -46510# 400#
1683 -46370# 400#
1684 -45200# 900#
1685 -57920# 800#
1686 -65140# 500#
1687 -75470 210
1688 -79570 60
1689 -79440 60
1690 -86709 20
1691 -87230 8
1692 -87130# 50#
1693 -86990# 50#
1694 -91656.1 2.9
1695 -87999 4
1696 -87749 6
1697 -87948 4
1698 -87721 15
1699 -80971 20
1700 -80781 20
1701 -78079 10
1702 -68409 13
1703 -68310# 60#
1704 -68404 12
1705 -62370# 200#
1706 -49620# 300#
1707 -53240# 700#
1708 -63240# 600#
1709 -71620# 300#
1710 -78560 90
1711 -78540# 90#
1712 -83910 80
1713 -83760 80
1714 -87704 8
1715 -87393 8
1716 -90068.4 2.9
1717 -89978.9 2.9
1718 -89477 8
1719 -86625 11
1720 -87184 8
1721 -86923 8
1722 -83766 28
1723 -78794 10
1724 -72305 14
1725 -72260# 30#
1726 -72289 9
1727 -64590 200
1728 -54970# 400#
1729 -44000# 600#
1730 -50940# 800#
1731 -59230# 600#
1732 -70150 120
1733 -75650 70
1734 -75450 70
1735 -83974 19
1736 -85740 40
1737 -85690# 50#
1738 -85440# 200#
1739 -91105.1 2.5
1740 -88623.5 2.5
1741 -88202.9 2.5
1742 -88424 8
1743 -88420# 100#
1744 -88346 8
1745 -86096 8
1746 -89405 10
1747 -83790 18
1748 -83717 18
1749 -83470 23
1750 -82172 12
1751 -73889 10
1752 -73790# 60#
1753 -73884 9
1754 -68890 300
1755 -57690# 500#
1756 -49710# 700#
1757 -57080# 900#
1758 -66260# 500#
1759 -74660 150
1760 -81060 80
1761 -80850 80
1762 -85841 27
1763 -85528 27
1764 -89204.1 2.5
1765 -89197.8 2.5
1766 -87205.3 2.7
1767 -89595.1 2.2
1768 -88551 26
1769 -88257 26
1770 -86287 10
1771 -83910 10
1772 -82473 11
1773 -77100 14
1774 -77032 14
1775 -70740 140
1776 -62400# 500#
1777 -52700# 500#
1778 -41580# 700#
1779 -52900# 700#
1780 -64690# 400#
1781 -71230# 210#
1782 -71150# 220#
1783 -80730 40
1784 -83580 50
1785 -83540# 80#
1786 -83290 130
1787 -89945.9 2.7
1788 -88330.2 2.2
1789 -88166.6 2.2
1790 -88192.7 2.2
1791 -90314.0 1.5
1792 -86080 5
1793 -85355 11
1794 -78140 30
1795 -78005 9
1796 -78010 30
1797 -74609 28
1798 -64540# 300#
1799 -57840# 400#
1800 -44890# 500#
1801 -60610# 600#
1802 -69960# 210#
1803 -77310 40
1804 -76990 40
1805 -83426 24
1806 -83099 24
1807 -87820.5 2.7
1808 -87795.9 2.7
1809 -89224.1 2.1
1810 -89171.9 1.5
1811 -88924.3 1.5
1812 -87943 4
1813 -85249 10
1814 -85064 10
1815 -81044 12
1816 -80887 12
1817 -81037 13
1818 -75655 12
1819 -68710# 200#
1820 -60180# 300#
1821 -50340# 600#
1822 -58800# 500#
1823 -66470# 200#
1824 -66470# 220#
1825 -76710 60
1826 -80880 50
1827 -80900 50
1828 -88236.8 1.4
1829 -85911.8 1.4
1830 -85580.2 1.5
1831 -87620.3 2.1
1832 -87609.4 2.1
1833 -87583.5 2.1
1834 -87579.5 2.1
1835 -90524.5 1.5
1836 -87365.0 2.4
1837 -87660.1 1.8
1838 -81731 8
1839 -81268 8
1840 -81701 22
1841 -79090 12
1842 -70260 60
1843 -70160# 120#
1844 -64820# 300#
1845 -53130# 600#
1846 -44500# 600#
1847 -64800# 300#
1848 -73360 70
1849 -73310 50
1850 -80480 30
1851 -80120 30
1852 -85898.5 1.5
1853 -85871.0 1.5
1854 -88255.5 2.6
1855 -89022.2 1.5
1856 -88877.4 1.5
1857 -88836.4 1.5
1858 -87192.1 1.9
1859 -86939.5 1.9
1860 -84088 8
1861 -83821 8
1862 -79668 11
1863 -73759 26
1864 -73652 26
1865 -66660# 200#
1866 -57910# 400#
1867 -47620# 400#
1868 -61010# 300#
1869 -72330 50
1870 -77810 40
1871 -77710 50
1872 -86020 11
1873 -83801 11
1874 -83456 11
1875 -86400 30
1876 -86380 30
1877 -86360 30
1878 -86300 30
1879 -90064.6 1.5
1880 -87911 4
1881 -89169 6
1882 -84345 12
1883 -84072 12
1884 -83749 12
1885 -82670 12
1886 -74970 90
1887 -74760 400
1888 -70821 28
1889 -60260# 200#
1890 -52890# 400#
1891 -39570# 500#
1892 -58900# 300#
1893 -68520 70
1894 -76990 40
1895 -76520 70
1896 -83499 25
1897 -83494 25
1898 -86700 5
1899 -88281.1 1.5
1900 -88192.8 1.5
1901 -88983 4
1902 -88321 4
1903 -88024 4
1904 -86240 6
1905 -85788 6
1906 -82816 11
1907 -82736 11
1908 -77896 26
1909 -77881 26
1910 -71980 60
1911 -71980# 120#
1912 -64430# 200#
1913 -63830# 280#
1914 -55420# 400#
1915 -45060# 600#
1916 -54800# 300#
1917 -67290 290
1918 -74360 50
1919 -74110 50
1920 -74040 50
1921 -83335 27
1922 -81244 27
1923 -84609 25
1924 -84599 24
1925 -88992.1 1.7
1926 -86201.4 1.7
1927 -87738 4
1928 -87600 4
1929 -87571 4
1930 -89860.0 1.4
1931 -87072.7 1.5
1932 -85931 5
1933 -85402 10
1934 -78630 50
1935 -78530# 110#
1936 -75534 28
1937 -66331 30
1938 -60180# 200#
1939 -48050# 400#
1940 -39050# 500#
1941 -52450# 400#
1942 -52450# 450#
1943 -63200# 300#
1944 -63200# 360#
1945 -72940 40
1946 -72560 70
1947 -71250 40
1948 -80594 29
1949 -80559 29
1950 -84628 21
1951 -82777 21
1952 -82767 21
1953 -82489 21
1954 -87003.2 1.8
1955 -86897.7 1.8
1956 -88503 3
1957 -88697.4 0.7
1958 -88461.3 0.7
1959 -87500 5
1960 -85065 11
1961 -85057 11
1962 -81326 21
1963 -81154 21
1964 -76287 28
1965 -76179 28
1966 -69774 30
1967 -69390 30
1968 -62240# 200#
1969 -52950# 400#
1970 -42250# 500#
1971 -46160# 330#
1972 -61570 280
1973 -69890 40
1974 -69840 40
1975 -69490 50
1976 -80139 11
1977 -78192 11
1978 -82292 17
1979 -82287 17
1980 -87351.4 1.9
1981 -85205.0 1.9
1982 -84690 7
1983 -82976.0 2.6
1984 -86932 3
1985 -86892 3
1986 -89881.7 0.7
1987 -86900 8
1988 -86737 8
1989 -86873 17
1990 -87261.6 2.8
1991 -84786.5 2.8
1992 -81628 26
1993 -79423 28
1994 -76969 28
1995 -71180 60
1996 -71080# 120#
1997 -66596 28
1998 -55470# 300#
1999 -47580# 400#
2000 -33940# 500#
2001 -55270# 300#
2002 -68137 28
2003 -67790 40
2004 -64040 70
2005 -77314 21
2006 -77230# 40#
2007 -81988 21
2008 -85209.5 1.9
2009 -85027.3 1.9
2010 -87444.4 1.1
2011 -88415.2 1.0
2012 -88251.3 1.0
2013 -88060 5
2014 -86683.8 2.8
2015 -86496.7 2.8
2016 -83769 28
2017 -83464 28
2018 -79720 30
2019 -79660 30
2020 -79560 30
2021 -74280 50
2022 -74130 50
2023 -67769 28
2024 -67412 28
2025 -59740# 200#
2026 -50200# 300#
2027 -39350# 400#
2028 -50720# 500#
2029 -62420 60
2030 -76554 14
2031 -79674 14
2032 -79470 30
2033 -85182 7
2034 -85700 6
2035 -85595 10
2036 -89280.5 1.0
2037 -86528.2 1.0
2038 -87155.9 1.9
2039 -88434.8 1.1
2040 -83740 40
2041 -83550 40
2042 -82474 21
2043 -80133 21
2044 -75210 60
2045 -75210# 120#
2046 -71426 24
2047 -61710# 200#
2048 -55250# 300#
2049 -42500# 400#
2050 -57930# 300#
2051 -57600# 300#
2052 -70950 40
2053 -78943 25
2054 -82945 24
2055 -82611 24
2056 -85887 5
2057 -84253 5
2058 -87643.6 2.4
2059 -87410.4 2.4
2060 -88070.958 0.022
2061 -87553.5 1.0
2062 -87265.3 1.0
2063 -85494 28
2064 -84958 28
2065 -82423 16
2066 -82386 16
2067 -77938 12
2068 -77746 12
2069 -72330 50
2070 -72200 50
2071 -72150 50
2072 -65410 50
2073 -65280 50
2074 -57130# 200#
2075 -47280# 300#
2076 -52020# 400#
2077 -66800 100
2078 -74170 40
2079 -74090 100
2080 -82559 11
2081 -80868 11
2082 -84072 8
2083 -83756 8
2084 -88124.5 0.8
2085 -86159.0 0.9
2086 -86891.181 0.026
2087 -86752.437 0.026
2088 -88949.9 0.4
2089 -85219 20
2090 -84836 20
2091 -78510 40
2092 -78510# 110#
2093 -75646 12
2094 -73353 12
2095 -66740 60
2096 -66740# 120#
2097 -61510# 200#
2098 -49830# 200#
2099 -41570# 400#
2100 -47200# 500#
2101 -60800# 400#
2102 -69710 100
2103 -77830 90
2104 -76280 90
2105 -83790 7
2106 -86417 5
2107 -85890 5
2108 -87581.9 1.0
2109 -85949.0 1.8
2110 -87850.5 0.4
2111 -87582.3 0.4
2112 -86651 10
2113 -84625 11
2114 -84179 11
2115 -80936 12
2116 -80578 12
2117 -76214 19
2118 -76149 19
2119 -69980 60
2120 -69930# 120#
2121 -62860 150
2122 -62860# 340#
2123 -54190# 300#
2124 -44180# 500#
2125 -56500# 500#
2126 -64880# 300#
2127 -64710# 300#
2128 -74430 50
2129 -79500 50
2130 -78850 110
2131 -86425 7
2132 -84533 7
2133 -86338.7 1.9
2134 -85821 5
2135 -88886.9 0.4
2136 -86856.4 0.4
2137 -86040 50
2138 -85790 50
2139 -86468 13
2140 -83373 13
2141 -81327 12
2142 -80732 12
2143 -79199 12
2144 -71200 80
2145 -71070 90
2146 -66811 12
2147 -64546 12
2148 -56260# 200#
2149 -56260# 540#
2150 -49050# 400#
2151 -35970# 600#
2152 -50310# 600#
2153 -60260# 400#
2154 -69560 120
2155 -76503 28
2156 -82379 7
2157 -86545.6 0.5
2158 -87721.2 0.4
2159 -87059.5 0.4
2160 -87101 13
2161 -85879 13
2162 -85625 13
2163 -83177 12
2164 -82616 12
2165 -79580 11
2166 -79061 11
2167 -74073 13
2168 -73920 50
2169 -68030 40
2170 -67850# 60#
2171 -60020# 200#
2172 -51210# 400#
2173 -41000# 600#
2174 -55150# 300#
2175 -65930# 210#
2176 -72330 80
2177 -80150 40
2178 -82887 9
2179 -82807 9
2180 -82847 25
2181 -88261.6 0.4
2182 -86171.1 0.4
2183 -86525 4
2184 -86452 4
2185 -87569 10
2186 -85440 10
2187 -83132 14
2188 -82783 17
2189 -82018 12
2190 -78843 12
2191 -74940 27
2192 -74911 13
2193 non-exist EU
2194 -71498 12
2195 -61750 28
2196 -55780# 200#
2197 -53550# 200#
2198 -43630# 400#
2199 -34940# 600#
2200 -50320# 500#
2201 -60800# 400#
2202 -68840 30
2203 -75644 21
2204 -80701 3
2205 -84913.7 0.4
2206 -87231.4 2.4
2207 -86952 7
2208 -86198 7
2209 -84823 8
2210 -81992 26
2211 -81761 26
2212 -77496 13
2213 -77307 13
2214 -72380 11
2215 -71923 11
2216 -65398 13
2217 -57530# 200#
2218 -57280# 250#
2219 -48170# 300#
2220 -37690# 500#
2221 -56960# 300#
2222 -64270# 200#
2223 -72990 60
2224 -77051 8
2225 -83271 8
2226 -84321.0 2.4
2227 -88083.3 2.5
2228 -85975.5 2.5
2229 -84695 6
2230 -83932 6
2231 -84252 28
2232 -82031 28
2233 -78210 40
2234 -77783 13
2235 -75456 12
2236 -66990 50
2237 -66780 50
2238 -61782 28
2239 -50480 800
2240 -42840# 500#
2241 -40670# 500#
2242 -29310# 500#
2243 -51560# 400#
2244 -60520# 200#
2245 -68330 90
2246 -74477 11
2247 -79726 8
2248 -82938 5
2249 -85440.1 2.5
2250 -86020.9 2.5
2251 -84198 4
2252 -83441 4
2253 -80523 14
2254 -79895 14
2255 -75939 9
2256 -75763 9
2257 -69927 13
2258 -69831 13
2259 -63224 20
2260 -62846 20
2261 -54540 110
2262 -54540# 230#
2263 -45320# 300#
2264 -34370# 500#
2265 -34300# 500#
2266 -47430# 600#
2267 -55720# 400#
2268 -65480 100
2269 -70515 11
2270 -77823 6
2271 -80035 6
2272 -84538.5 3.0
2273 -83792.7 2.5
2274 -83789.0 2.5
2275 -85955.2 2.3
2276 -81157 25
2277 -80274 25
2278 -78993 6
2279 -71320 30
2280 -70856 12
2281 -66960 28
2282 -57060# 300#
2283 -56780# 300#
2284 -49960# 360#
2285 -37470# 500#
2286 -51640# 400#
2287 -60450# 200#
2288 -67671 24
2289 -73936 13
2290 -78187 15
2291 -81612.0 3.0
2292 -83073.5 2.6
2293 -84007.4 2.3
2294 -82966 3
2295 -82006 3
2296 -79523 4
2297 -78769 4
2298 -76729 4
2299 -74242 11
2300 -73852 11
2301 -68230 200
2302 -68080 200
2303 -60430 60
2304 -60430# 120#
2305 -52320# 200#
2306 -52010# 200#
2307 -42280# 400#
2308 -31350# 600#
2309 -46580# 500#
2310 -57280# 300#
2311 -63270 26
2312 -62970# 200#
2313 -71769 13
2314 -74890 50
2315 -80437 3
2316 -80756 3
2317 -80697 3
2318 -83753.2 2.3
2319 -81421 3
2320 -80580 3
2321 -72825 4
2322 -81972.0 2.8
2323 -79648.4 2.8
2324 -75622 11
2325 -74494 11
2326 -71760 28
2327 -62368 28
2328 -61971 28
2329 -61892 28
2330 -61851 28
2331 -56580 30
2332 -45200# 300#
2333 -36910# 400#
2334 -52100# 300#
2335 -60057 11
2336 -67410 70
2337 -72990 90
2338 -77100 40
2339 -79632 7
2340 -81437.1 2.3
2341 -81274 3
2342 -80657.7 2.8
2343 -71871.5 2.9
2344 -77998 4
2345 -77282 4
2346 -72927 19
2347 -72178 19
2348 -65880 60
2349 -65880# 120#
2350 -58290 50
2351 -58170 50
2352 -49180# 300#
2353 -49080# 320#
2354 -39690# 400#
2355 -27880# 400#
2356 -48670# 400#
2357 -55620 70
2358 -65000 70
2359 -69120 70
2360 -68990 150
2361 -75680 70
2362 -76710 60
2363 -80931.1 2.3
2364 -79460 5
2365 -81002 4
2366 -77122 6
2367 -76456 6
2368 -76093 5
2369 -67770 50
2370 -67620# 110#
2371 -66840# 110#
2372 -62554 27
2373 -59618 27
2374 -51570# 200#
2375 -44710# 300#
2376 -31280# 400#
2377 -31200# 400#
2378 -43260# 400#
2379 -52020 50
2380 -60600# 210#
2381 -66850 50
2382 -72030 30
2383 -75455 23
2384 -78151.9 2.3
2385 -79047.9 2.4
2386 -79272.1 2.4
2387 -77550 3
2388 -75363 3
2389 -66775 3
2390 -70752 12
2391 -70701 12
2392 -64188 20
2393 -63438 20
2394 -55837 28
2395 -47050# 300#
2396 -46950# 300#
2397 -36370# 300#
2398 -36300# 300#
2399 -47300 580
2400 -58010 80
2401 -63130 60
2402 -70391 29
2403 -72531 26
2404 -72480# 40#
2405 -77413.4 2.8
2406 -76872 6
2407 -76734 6
2408 -79342.2 2.4
2409 -76302 10
2410 -76275.8 2.8
2411 -70540 14
2412 -70450 14
2413 -61921 14
2414 -67859 11
2415 -58020 130
2416 -57620# 160#
2417 -57330# 160#
2418 -51650# 200#
2419 -39270# 400#
2420 -30350# 600#
2421 -43850# 200#
2422 -53490# 200#
2423 -60800# 320#
2424 -66700 100
2425 -71060 80
2426 -74380.9 2.8
2427 -76071 4
2428 -75831 4
2429 -77141.9 2.4
2430 -76447 4
2431 -75133 4
2432 -71496 4
2433 -71460 4
2434 -67715 9
2435 -65054 9
2436 -60230 30
2437 -61688 18
2438 -61639 18
2439 -53742 28
2440 -53000 28
2441 -44040# 300#
2442 -33500# 500#
2443 -38960# 300#
2444 -50600# 400#
2445 -57040# 400#
2446 -64820 50
2447 -68304 26
2448 -73690 3
2449 -73603 20
2450 -77057.3 2.4
2451 -74797 6
2452 -74755 6
2453 -75769 6
2454 -71111 8
2455 -70654 28
2456 -69317 5
2457 -61948 14
2458 -61960 50
2459 -61960 50
2460 -57833 17
2461 -46610# 200#
2462 -46470# 240#
2463 -45800# 240#
2464 -38730# 400#
2465 -24940# 500#
2466 -24900# 500#
2467 -35220# 500#
2468 -45820# 400#
2469 -54290# 400#
2470 -61500 100
2471 -66771 23
2472 -70953 3
2473 -73395 5
2474 -74582.5 2.4
2475 -74321.4 2.4
2476 -74659.1 2.5
2477 -74462.9 2.5
2478 -74195 4
2479 -71630 5
2480 -71530 5
2481 -68759 4
2482 -63632 12
2483 -63591 12
2484 -58266 16
2485 -55681 16
2486 -50782 20
2487 -50690 21
2488 -48126 20
2489 -41540 300
2490 -40790# 320#
2491 -39750# 580#
2492 -39090# 580#
2493 -30200# 400#
2494 -30130# 400#
2495 -42600# 500#
2496 -50070# 400#
2497 -59110# 200#
2498 -63810 120
2499 -70158 25
2500 -71262 26
2501 -71120 80
2502 -71010# 150#
2503 -74768.8 2.5
2504 -72894.5 2.5
2505 -72848.9 2.5
2506 -72746.6 2.5
2507 -74714.2 2.5
2508 -70720 40
2509 -70220 40
2510 -70124 5
2511 -63608 14
2512 -63448 14
2513 -60588 14
2514 -60500 11
2515 -51770 70
2516 -51670# 110#
2517 -46310 210
2518 -33420# 200#
2519 -37620# 800#
2520 -46930# 600#
2521 -55350# 400#
2522 -61630 100
2523 -67349 27
2524 -70685 11
2525 -72565.8 2.5
2526 -72467.4 2.5
2527 -73373.5 2.5
2528 -72889.8 2.5
2529 -72794.6 2.5
2530 -72718.6 2.5
2531 -71320 4
2532 -71157 4
2533 -69150 5
2534 -65019 6
2535 -64950 6
2536 -60488 9
2537 -54015 18
2538 -53972 18
2539 -47060# 200#
2540 -44360# 220#
2541 -38410 210
2542 -38330 210
2543 -35780 210
2544 -27300# 500#
2545 -26550# 510#
2546 -42380# 600#
2547 -52700# 500#
2548 -58200 150
2549 -65690 110
2550 -65210# 190#
2551 -64340 110
2552 -68500 40
2553 -68380 110
2554 -72461.6 2.5
2555 -71744.4 2.5
2556 -71599.1 2.5
2557 -73713.2 2.5
2558 -70160 50
2559 -70150 50
2560 -69960# 160#
2561 -70398 8
2562 -64644 8
2563 -64406 28
2564 -62612 5
2565 -54429 14
2566 -54360 50
2567 -49934 17
2568 -39570# 200#
2569 -39510# 200#
2570 -37300# 600#
2571 -32730# 500#
2572 -38800# 800#
2573 -48400# 600#
2574 -55780# 300#
2575 -62470# 150#
2576 -66970 30
2577 -70197.2 2.6
2578 -71824.5 2.5
2579 -72077.1 2.5
2580 -71956.1 2.5
2581 -71254 12
2582 -69160 12
2583 -68926 12
2584 -66040 18
2585 -65898 18
2586 -62215 7
2587 -56635 13
2588 -56594 14
2589 -50503 17
2590 -42554 20
2591 -42534 21
2592 -40773 20
2593 -34100# 400#
2594 -23670# 500#
2595 -45400# 600#
2596 -51910# 400#
2597 -60530 200
2598 -59100 200
2599 -64220 30
2600 -69370 10
2601 -67972 10
2602 -70093 6
2603 -72542.2 2.5
2604 -70404.6 2.5
2605 -70098 4
2606 -70044 5
2607 -70010 4
2608 -70530 7
2609 -65350 40
2610 -65300 40
2611 -65250# 60#
2612 -64213 24
2613 -56840 16
2614 -56636 16
2615 non-exist RN
2616 -53264 11
2617 -43750 70
2618 -43530# 110#
2619 -37850 210
2620 -35890 210
2621 -25800# 400#
2622 -25700# 400#
2623 -40670# 700#
2624 -48970# 400#
2625 -56790# 200#
2626 -62370 110
2627 -66730 50
2628 -69467 5
2629 -70830.7 2.5
2630 -70770.6 2.5
2631 -69428 7
2632 -69229 7
2633 -66829 24
2634 -63420 28
2635 -63265 28
2636 -58709 28
2637 -53442 10
2638 -46483 19
2639 -46462 19
2640 -38750# 200#
2641 -29630 210
2642 -29610 210
2643 -28040 210
2644 -44730# 600#
2645 -54400# 400#
2646 -59090 130
2647 -65210 80
2648 -67210 80
2649 -70696.8 2.5
2650 -69477.2 2.6
2651 -69366.9 2.9
2652 -69088.8 2.6
2653 -70412 3
2654 -66191 27
2655 -66124 27
2656 -66010# 80#
2657 -65304 25
2658 -58703 25
2659 -58650# 100#
2660 -56015 8
2661 -47214 15
2662 -42104 18
2663 -31020# 200#
2664 -30880# 200#
2665 -23700# 500#
2666 -21810# 500#
2667 -41450# 700#
2668 -50220# 500#
2669 -56850# 200#
2670 -62210 100
2671 -66053 7
2672 -68568.5 2.5
2673 -69539.0 2.6
2674 -69173.5 2.7
2675 -68820.7 2.7
2676 -67336 4
2677 -67130 4
2678 -64567 4
2679 -64384 4
2680 -64138 4
2681 -60570 28
2682 -55843 18
2683 -49710 40
2684 -49610# 90#
2685 -42854 17
2686 -34448 21
2687 -34385 20
2688 -25230# 400#
2689 -47420# 600#
2690 -53100# 300#
2691 -60420# 200#
2692 -63370# 200#
2693 -67948.6 2.6
2694 -67842.9 2.6
2695 -69678.1 2.5
2696 -66388 15
2697 -66328 15
2698 -66191 22
2699 -66058 24
2700 -60300 30
2701 -60230 40
2702 -58170 17
2703 -50270 60
2704 -50270# 120#
2705 -45937 12
2706 -35880 90
2707 -35560# 110#
2708 -29360 210
2709 -16660# 400#
2710 -42960# 700#
2711 -50430# 500#
2712 -56980# 300#
2713 -61780# 300#
2714 -65512.7 2.7
2715 -67468.2 2.6
2716 -68061.1 2.5
2717 -67203 3
2718 -66992 3
2719 -65209 9
2720 -64813 9
2721 -61899 28
2722 -61892 28
2723 -57844 16
2724 -52562 28
2725 -52400 30
2726 -46319 23
2727 -38730# 60#
2728 -38684 23
2729 -30410# 200#
2730 -20880 210
2731 -20750 210
2732 -46310# 700#
2733 -54750# 500#
2734 -58650# 300#
2735 -64287 5
2736 -65680 40
2737 -68186.8 2.5
2738 -66047 4
2739 -65941 8
2740 -66343 3
2741 -61484 26
2742 -61350 50
2743 -59832 16
2744 -52840 80
2745 -52720# 220#
2746 -52540# 220#
2747 -49173 10
2748 -39780 50
2749 -34002 18
2750 -22350# 200#
2751 -22180# 200#
2752 -14500# 500#
2753 -43150# 800#
2754 -50900# 700#
2755 -56630# 500#
2756 -61490# 300#
2757 -64601 5
2758 -66386.5 2.5
2759 -66383.9 2.5
2760 -66086.0 2.5
2761 -65174 5
2762 -64729 5
2763 -62735 6
2764 -59304 16
2765 -54791 28
2766 -49286 28
2767 -42540 40
2768 -34910 50
2769 -26007 20
2770 -25892 20
2771 -16120# 400#
2772 -48180# 800#
2773 -53100# 600#
2774 -59750# 400#
2775 -62080 100
2776 -65973.3 2.5
2777 -64987.1 2.8
2778 -64847.3 2.8
2779 -65950 3
2780 -61888 28
2781 -61878 29
2782 -61023 16
2783 -54642 28
2784 -51822 20
2785 -43283 28
2786 -38234 12
2787 -27640# 160#
2788 -27520 100
2789 -20460 210
2790 -7270# 410#
2791 -7000# 400#
2792 -43800# 900#
2793 -50560# 700#
2794 -56470# 500#
2795 -60660# 200#
2796 -63617.9 2.5
2797 -63509.7 2.5
2798 -64904.6 2.5
2799 -64528 3
2800 -62936 3
2801 -60287 28
2802 -56442 27
2803 -51636 28
2804 -45855 17
2805 -45800 30
2806 -38862 25
2807 -30657 28
2808 -30610 23
2809 -21650# 200#
2810 -11630# 220#
2811 -11440 210
2812 -46600# 800#
2813 -54400# 600#
2814 -57760 100
2815 -62590.1 2.6
2816 -63076.9 2.5
2817 -63070.9 2.5
2818 -64931.6 2.5
2819 -61894 12
2820 -61772 14
2821 -61588 8
2822 -56021 30
2823 -55990 30
2824 -55980 30
2825 -53859 28
2826 -46098 28
2827 -41892 10
2828 -31850# 90#
2829 -31700 70
2830 -31700# 100#
2831 -25438 18
2832 -13210# 200#
2833 -13030# 200#
2834 -4790# 500#
2835 -43590# 800#
2836 -50700# 600#
2837 -55840# 400#
2838 -59940 60
2839 -62287 6
2840 -62028 6
2841 -63296.7 2.5
2842 -63088.9 2.5
2843 -62548.3 2.7
2844 -62368.8 2.7
2845 -62255.5 2.7
2846 -60594 5
2847 -57500 30
2848 -57500# 40#
2849 -53468 28
2850 -48351 28
2851 -42089 19
2852 -34840# 50#
2853 -34710 40
2854 -26500 70
2855 -17079 19
2856 -16903 19
2857 -6540# 410#
2858 -48100# 700#
2859 -52500# 500#
2860 -58560 140
2861 -60070 30
2862 -60010 30
2863 -62996.7 2.5
2864 -61317.7 2.9
2865 -61575 4
2866 -57060 50
2867 -56880 100
2868 -55361 28
2869 -48394 28
2870 -44890 16
2871 -35790 30
2872 non-exist RN
2873 -29991 12
2874 -18740# 150#
2875 -18690 110
2876 -11040 210
2877 -43900# 800#
2878 -50100# 600#
2879 -55600 300
2880 -58803 20
2881 -60928.7 2.5
2882 -61280.0 2.5
2883 -60370 4
2884 -60346 4
2885 -58077 5
2886 -58048 5
2887 -54717 28
2888 -50290 28
2889 -44918 15
2890 -38386 28
2891 -38241 17
2892 -30721 25
2893 -22081 26
2894 -21927 22
2895 -12380# 200#
2896 -1790# 300#
2897 -46340# 700#
2898 -53660# 200#
2899 -56240 50
2900 -56140 60
2901 -60114.6 2.8
2902 -59800.6 2.5
2903 -59617.4 2.5
2904 -60769.0 2.4
2905 -59510.5 2.4
2906 -57310 17
2907 -57217 17
2908 -56254 28
2909 -50138 28
2910 -47293 15
2911 -38918 26
2912 -33928 11
2913 -23320# 100#
2914 -23050 70
2915 -16306 19
2916 -3610# 200#
2917 -3340# 200#
2918 -43500# 800#
2919 -50110# 300#
2920 -54520 600
2921 -57724.9 2.8
2922 -57526.3 2.8
2923 -59215.6 2.6
2924 -58790.6 2.6
2925 -59312.1 2.4
2926 -59216.8 2.4
2927 -59189.7 2.4
2928 -57833.5 2.8
2929 -57762.4 2.8
2930 -55431 29
2931 -55409 29
2932 -51720 28
2933 -47086 28
2934 -41250 28
2935 -34293 19
2936 -26430 40
2937 -26250# 50#
2938 -17470 90
2939 -7565 26
2940 -7315 20
2941 3500# 300#
2942 -47730# 400#
2943 -51400# 400#
2944 -56489 5
2945 -57380 6
2946 -59260.3 2.4
2947 -56741.3 3.0
2948 -56699 3
2949 -56632 3
2950 -56404 24
2951 -54398 24
2952 -51330 28
2953 -49097 28
2954 -41520 50
2955 -41520# 110#
2956 -37238 15
2957 -27520# 110#
2958 -27240 30
2959 -21101 13
2960 -9280# 160#
2961 -1090 210
2962 -43780# 500#
2963 -49100# 400#
2964 -53650# 200#
2965 -56259 5
2966 -55941 5
2967 -57556.3 2.4
2968 -57157.4 2.5
2969 -56885.8 2.4
2970 -56762.1 2.4
2971 -55412 28
2972 -52397 28
2973 -48727 28
2974 -43554 28
2975 -37438 15
2976 -30272 14
2977 -30019 28
2978 -21940 60
2979 -12820 26
2980 -12606 22
2981 -2570# 210#
2982 -45500# 500#
2983 -51950# 300#
2984 -53870 40
2985 -56949.6 2.4
2986 -55575.3 2.4
2987 -55404.5 2.4
2988 -55846.6 2.8
2989 -54049 3
2990 -51741 28
2991 -50227 28
2992 -43673 28
2993 -39996 11
2994 -30869 28
2995 -30676 26
2996 -25319 12
2997 -14200# 100#
2998 -13840 70
2999 -6647 20
3000 -42800# 600#
3001 -48650# 400#
3002 -52320 50
3003 -54700.6 2.4
3004 -54185.7 2.4
3005 -55170.7 2.2
3006 -53780 4
3007 -54483.8 2.8
3008 -52409 28
3009 -49633 28
3010 -45288 28
3011 -40105 14
3012 -33429 20
3013 -33357 17
3014 -25690 19
3015 -17440 40
3016 -17240# 50#
3017 -7990 100
3018 -46500# 400#
3019 -49370 100
3020 -53494.1 2.6
3021 -52444.1 2.6
3022 -53387.4 2.2
3023 -53264.5 2.2
3024 -54577.5 2.2
3025 -51370 30
3026 -51270 30
3027 -48550 60
3028 -50642 28
3029 -45063 28
3030 -42098 28
3031 -33861 20
3032 -28928 14
3033 -18540# 110#
3034 -18380 30
3035 -11779 14
3036 550# 200#
3037 -42800# 500#
3038 -47470# 300#
3039 -50989.2 2.6
3040 -50657.7 2.6
3041 -52389.0 2.2
3042 -51418.8 2.2
3043 -48489 10
3044 -52238.6 2.2
3045 -51819.3 2.2
3046 -52889.6 2.1
3047 -51574.1 2.1
3048 -50149.6 2.1
3049 -51547.2 2.1
3050 -51724 4
3051 -51538 4
3052 -50369 4
3053 -51651 4
3054 -47068 4
3055 -49702 28
3056 -46269 28
3057 -46184 28
3058 -41950 16
3059 -36047 20
3060 -29370 15
3061 -29223 15
3062 -21550 13
3063 -21334 28
3064 -21093 28
3065 -12780 80
3066 -3328 25
3067 -2521 17
3068 -44120# 400#
3069 -49698 10
3070 -50343.0 2.9
3071 -50219 4
3072 -52444.3 2.1
3073 -51296.9 2.1
3074 -49998.6 2.1
3075 -49870.8 2.2
3076 -50507 15
3077 -50410# 50#
3078 -48940# 50#
3079 -47510# 50#
3080 -50416 15
3081 -45653 28
3082 -43546 16
3083 -36252 20
3084 -31998 11
3085 -22330 60
3086 -16317 13
3087 -4750# 110#
3088 3568 24
3089 -41600# 500#
3090 -46420# 300#
3091 -49064 5
3092 -48472 5
3093 -50471.9 2.1
3094 -50096.9 2.1
3095 -49366.1 2.1
3096 -50366.3 2.2
3097 -49049.0 2.2
3098 -47727.0 2.3
3099 -49304 16
3100 -49082 16
3101 -46586 24
3102 -46521 24
3103 -43020 18
3104 -38077 11
3105 -32264 9
3106 -24952 17
3107 -24853 18
3108 -16922 27
3109 -8300 40
3110 -7440# 50#
3111 2000# 200#
3112 -44400# 400#
3113 -46690 70
3114 -46680 70
3115 -49788.4 2.1
3116 -48646.9 2.1
3117 -48936.2 2.2
3118 -48860.9 1.8
3119 -47485.2 2.4
3120 -49644 4
3121 -48115 4
3122 -45840 21
3123 -44359 20
3124 -37978 22
3125 -34436 11
3126 -25596 21
3127 -20245 14
3128 -9400# 120#
3129 -1939 21
3130 -40850# 400#
3131 -44740# 300#
3132 -47411.9 2.1
3133 -46817 4
3134 -46372 10
3135 -45674 10
3136 -48441.6 1.8
3137 -48435.4 1.8
3138 -46957 3
3139 -46212 3
3140 -48254 5
3141 -46511 13
3142 -43550 30
3143 -43500 30
3144 -39472 26
3145 -34375 15
3146 -27871 20
3147 -20661 15
3148 -20460# 40#
3149 -12801 9
3150 -11944 29
3151 -3140 90
3152 non-exist RN
3153 -41880# 200#
3154 -46059 6
3155 -44886 6
3156 -46433.3 1.8
3157 -46417.0 1.8
3158 -45913.7 1.8
3159 -48247.5 0.8
3160 -45450 100
3161 -45388 20
3162 -44609 22
3163 -39052 21
3164 -36169 16
3165 -28301 20
3166 -23576 10
3167 -13350 80
3168 -13250# 130#
3169 -12750# 160#
3170 -6826 14
3171 -39520# 300#
3172 -43290 30
3173 -45296.1 1.8
3174 -45222.9 1.8
3175 -46367.0 0.8
3176 -46057.5 0.8
3177 -45811 8
3178 -43903 8
3179 -43660 50
3180 -43490 50
3181 -40197 25
3182 -35772 16
3183 -35738 16
3184 -30187 10
3185 -30114 10
3186 -29956 10
3187 -23800 8
3188 -23560# 40#
3189 -23602 13
3190 -16587 10
3191 -15944 16
3192 -15611 20
3193 -7569 28
3194 -7475 28
3195 -36410# 400#
3196 non-exist RN
3197 -41500 40
3198 -40230 40
3199 -42841 26
3200 -45707.3 0.9
3201 -44227 4
3202 -44039 4
3203 -44256.1 1.3
3204 -39611 28
3205 -39385 28
3206 -37332 18
3207 -35493 18
3208 -30319 22
3209 -30251 22
3210 -30091 22
3211 -26349 10
3212 -16890 50
3213 -16790# 110#
3214 -16390# 150#
3215 -11045 14
3216 1050# 130#
3217 1200# 160#
3218 -38360# 200#
3219 -41396 14
3220 -40090 30
3221 -43389.7 0.9
3222 -43192.3 0.9
3223 -43822.2 1.2
3224 -41698.2 2.3
3225 -42809.4 1.3
3226 -42707.1 1.5
3227 -40336 28
3228 -36680 40
3229 -36580 40
3230 -31867 26
3231 -31770# 100#
3232 -26176 16
3233 -26072 16
3234 -19760 50
3235 -19300 50
3236 -18760 50
3237 -11541 16
3238 -11480# 40#
3239 -2210# 50#
3240 -2143 18
3241 -36430# 300#
3242 -38610 60
3243 -42509.5 1.7
3244 -40992.3 1.8
3245 -38966.7 2.7
3246 -41930.2 1.2
3247 -41781 7
3248 -42999.5 1.4
3249 -39173 17
3250 -39172 17
3251 -37864 22
3252 -31715 21
3253 -31487 21
3254 non-exist RN
3255 -28539 11
3256 -26322 11
3257 -20190 180
3258 -19874 9
3259 -19501 9
3260 -14681 11
3261 -3170 80
3262 -2900# 160#
3263 -32980# 400#
3264 -36770# 200#
3265 -39904.8 1.7
3266 -41215.7 1.4
3267 -41218.2 1.4
3268 -39716 6
3269 -39530 6
3270 -36713 28
3271 -33005 25
3272 -32884 25
3273 -28118 14
3274 -28059 20
3275 -22444 8
3276 -22109 8
3277 -14980 8
3278 -14969 11
3279 -6373 15
3280 -6272 18
3281 -6121 15
3282 -30880# 500#
3283 -33810# 200#
3284 -38667 3
3285 -39016.1 1.4
3286 -38844.0 1.4
3287 -41136.4 1.4
3288 -38328 7
3289 -37360 30
3290 -37823 5
3291 -32301 20
3292 -30202 12
3293 -27478 12
3294 -22350 30
3295 -22307 10
3296 -22038 10
3297 -17815 11
3298 -15237 11
3299 -15102 11
3300 -15020 50
3301 -7200 50
3302 -7000# 150#
3303 -538 19
3304 -31830# 300#
3305 -35480 200
3306 -37978 8
3307 -38985.4 1.5
3308 -38954.6 1.5
3309 -38453 13
3310 -38081 13
3311 -36120 13
3312 -36483 11
3313 -36291 11
3314 -33582 20
3315 -33335 20
3316 -29630 30
3317 -29549 18
3318 -24602 11
3319 -24319 10
3320 -17880 30
3321 -17840# 50#
3322 -10060 50
3323 -9880 50
3324 -9700 50
3325 -1415 22
3326 -28660# 400#
3327 -34300 160
3328 -31920 160
3329 -35570 150
3330 -35360 160
3331 -38706.3 1.5
3332 -37000.9 1.5
3333 -36751.2 1.7
3334 -36725.1 1.7
3335 -36374.8 1.7
3336 -36715.0 1.7
3337 -36433.6 1.7
3338 -37323 6
3339 -32881 16
3340 -32680# 150#
3341 -31370 16
3342 -24330 50
3343 -24200# 70#
3344 -24040# 90#
3345 -23920# 90#
3346 -20417 12
3347 -17802 12
3348 -17799 23
3349 -17759 12
3350 -10900 180
3351 -10483 10
3352 -10210 10
3353 -4563 13
3354 -31110# 200#
3355 -34349 10
3356 -36393.7 1.5
3357 -36319.3 1.5
3358 -36706.4 1.7
3359 -36535.2 1.7
3360 -34590 40
3361 -35698 4
3362 -35549 4
3363 -33810 40
3364 -33540 40
3365 -30593 23
3366 -30470 30
3367 -26281 8
3368 -25984 7
3369 -20250 40
3370 -20231 28
3371 -13240 7
3372 -13000 9
3373 -5054 11
3374 -5020 10
3375 -29650# 600#
3376 -31710# 200#
3377 -35880.5 2.6
3378 -33865.1 2.6
3379 -34833.2 1.7
3380 -34776.5 1.7
3381 -34665.1 1.7
3382 -36292.9 2.5
3383 -32777 16
3384 -32642 16
3385 -32345 16
3386 -32011 16
3387 -25870 30
3388 -25710 60
3389 -25694 25
3390 -22556 13
3391 -19975 13
3392 -19931 13
3393 -19813 13
3394 -13550 30
3395 -13399 9
3396 -8071 12
3397 -5470# 500#
3398 -30300# 200#
3399 -33392.6 2.6
3400 -34533.8 1.7
3401 -34453.6 1.7
3402 -34477.0 1.7
3403 -34327.2 1.7
3404 -33394 11
3405 -33104 11
3406 -31051 15
3407 -30910 15
3408 -27320 110
3409 -26950 110
3410 -22190 50
3411 -22060# 90#
3412 -15873 10
3413 -15564 12
3414 -8360 30
3415 -8260# 50#
3416 -150 50
3417 -27550# 300#
3418 -32432.7 2.6
3419 -32529.3 1.7
3420 -32382.2 1.7
3421 -32160 70
3422 -34763.1 0.9
3423 -32262 10
3424 -32155 10
3425 -31786 10
3426 -32193 13
3427 -26830 140
3428 -26530# 240#
3429 -24208 17
3430 -15990 50
3431 -15880 50
3432 -15760# 70#
3433 -11005 13
3434 -8480 13
3435 -1190 190
3436 -711 17
3437 -29690 500
3438 -31689.8 1.7
3439 -31590 5
3440 -32796.8 0.9
3441 -32537.5 0.9
3442 -32570.0 1.3
3443 -32251.4 1.3
3444 -31000 23
3445 -30824 23
3446 -28155 14
3447 -27672 14
3448 -23714 23
3449 -23511 23
3450 -18024 6
3451 -17624 8
3452 -11070 40
3453 -10964 28
3454 -3476 9
3455 -3443 8
3456 5070 50
3457 5118 15
3458 -28280 40
3459 -29440 40
3460 -29229 20
3461 -32647.4 0.9
3462 -31140.0 3.0
3463 -31055 3
3464 -30544 3
3465 -31826.7 2.9
3466 -27497 12
3467 -27103 12
3468 -25361 14
3469 -23623 14
3470 -18009 24
3471 -17842 25
3472 -17739 25
3473 -13474 13
3474 -10984 13
3475 -3920 60
3476 -3950 50
3477 -3760 60
3478 1970 15
3479 -28268 20
3480 -28153 21
3481 -30422.4 0.8
3482 -30022.8 0.8
3483 -31141.1 0.6
3484 -30732.0 0.6
3485 -30541 3
3486 -30242 3
3487 -28341 16
3488 -27733 16
3489 -24749 6
3490 -24429 6
3491 -22835 6
3492 -19688 8
3493 -19000 110
3494 -13360 50
3495 -13120# 90#
3496 -6340 50
3497 -6293 13
3498 1480 60
3499 1670# 50#
3500 -25820# 200#
3501 -29908 3
3502 -29582.1 0.6
3503 -29269.9 0.6
3504 -28770.4 1.6
3505 -30954.4 0.3
3506 -27490 80
3507 -26950 80
3508 -26750 80
3509 -26050 15
3510 -23909 15
3511 -19369 28
3512 -19085 28
3513 -18837 28
3514 -15473 17
3515 -13619 17
3516 -12907 17
3517 -12781 17
3518 -6670 50
3519 -6340# 70#
3520 -1231 13
3521 non-exist EU
3522 -24400 40
3523 -27392 3
3524 -26968 4
3525 -29095.0 0.6
3526 -28546.1 0.6
3527 -29547.1 0.4
3528 -29014.6 0.4
3529 -28059 28
3530 -27309 28
3531 -25228 26
3532 -24799 26
3533 -22664 26
3534 -20798 12
3535 -20131 12
3536 -15215 23
3537 -14903 23
3538 -8820 50
3539 -1520 60
3540 -1334 29
3541 6760 40
3542 -26603 20
3543 -27270 50
3544 -26300 50
3545 -29504.1 0.4
3546 -27048 6
3547 -26294 6
3548 -26243 11
3549 -20370 24
3550 -20270# 70#
3551 -19942 24
3552 -16954 14
3553 -8988 24
3554 -8875 25
3555 -8644 24
3556 -4006 13
3557 6120 80
3558 6180 70
3559 -23740 50
3560 -26401 3
3561 -27663.3 0.6
3562 -26897.1 0.6
3563 -27182 15
3564 -26263 15
3565 -25258 22
3566 -24629 22
3567 -21416 15
3568 -20570 15
3569 -16525 6
3570 -16101 6
3571 -10789 8
3572 -4070 70
3573 -3790# 90#
3574 3600 70
3575 -22600# 300#
3576 -24400 170
3577 -27345.9 0.6
3578 -25983 15
3579 -25033 15
3580 -25934 8
3581 -23764 8
3582 -20733 20
3583 -20118 21
3584 -17924 15
3585 -15297 15
3586 -10591 28
3587 -10401 28
3588 -10010 28
3589 -6275 18
3590 3140 50
3591 3470# 70#
3592 9210 60
3593 -23143 3
3594 -25269.1 1.7
3595 -24336.0 2.0
3596 -25761.2 1.3
3597 -22360 300
3598 -24787 7
3599 -23962 7
3600 -21838 7
3601 -21540 22
3602 -20442 22
3603 -17307 26
3604 -16666 26
3605 -12163 12
3606 -6160 24
3607 -5798 24
3608 861 16
3609 8640 80
3610 8860 40
3611 -20750# 200#
3612 -24690.2 0.3
3613 -24346.0 1.3
3614 -23242.0 1.4
3615 -21850 500
3616 -20850 500
3617 -25109.7 1.2
3618 -22923.9 1.2
3619 -20667 26
3620 -19862 26
3621 -17834 26
3622 -18334 11
3623 -11875 24
3624 -11288 24
3625 -7984 15
3626 608 25
3627 658 25
3628 934 25
3629 6054 15
3630 -18750# 300#
3631 -22287 4
3632 -20730 4
3633 -23820.6 1.3
3634 -20530.0 1.3
3635 -23770.1 1.2
3636 -22756.3 1.2
3637 -20574.5 1.4
3638 -21062 7
3639 -17509 20
3640 -16048 20
3641 -16629 20
3642 -12972 15
3643 -10909 15
3644 -10632 15
3645 -7710 50
3646 -1310 8
3647 5840 90
3648 6150# 100#
3649 -20946 20
3650 -22253.1 1.4
3651 -19610.0 1.4
3652 -23785.4 1.2
3653 -21585.3 1.2
3654 -19758.1 1.4
3655 -20028 8
3656 -19968 8
3657 -18983 8
3658 -18182 8
3659 -16596 8
3660 -15920 8
3661 -12420 20
3662 -11613 20
3663 -9116 15
3664 -1243 28
3665 -1048 28
3666 -517 28
3667 3565 18
3668 13510 70
3669 13590 90
3670 13800# 80#
3671 -16220 150
3672 -21034 5
3673 -19686 5
3674 -22451.9 1.2
3675 -20818.5 1.2
3676 -20054.4 2.4
3677 -17952.9 2.4
3678 -17146 7
3679 -15763 7
3680 -16031 7
3681 -13243 21
3682 -8631 26
3683 -7732 26
3684 -2840 50
3685 3540 60
3686 4095 25
3687 11130 50
3688 -13100# 300#
3689 -16749.5 2.0
3690 -21748.5 1.2
3691 -16853.5 2.3
3692 -18870.0 2.4
3693 -17298.9 2.4
3694 -17469.5 1.8
3695 -12491 26
3696 -9648 11
3697 -2670 50
3698 1714 15
3699 3510 200
3700 10760 60
3701 11258 28
3702 -8350# 200#
3703 -13638 8
3704 -17614.4 1.8
3705 -18258.5 1.4
3706 -16365.9 1.8
3707 -12880 7
3708 -8929 20
3709 -7755 20
3710 -3769 15
3711 1850 50
3712 8840 50
3713 16500 100
3714 -5110# 300#
3715 -9246 12
3716 -14728.3 1.5
3717 -13450 5
3718 -14791.8 1.4
3719 -14520.5 1.4
3720 -14358.3 1.4
3721 -15953.1 1.2
3722 -14396.1 1.2
3723 -11972 8
3724 -9422 8
3725 -7944 8
3726 -5013 8
3727 -9598 9
3728 -7908 17
3729 -5761 17
3730 -3105 17
3731 -3346 22
3732 461 15
3733 2260 200
3734 8790 60
3735 14043 25
3736 -6080# 200#
3737 -10491.4 2.7
3738 -11858 6
3739 -10631 6
3740 -10601 12
3741 -12432.5 1.3
3742 -10970 5
3743 -10298 5
3744 -7559 5
3745 -11647.1 2.8
3746 -8756 7
3747 -4158 21
3748 836 26
3749 7200 70
3750 13910 70
3751 -1650# 300#
3752 -7547.4 2.2
3753 -6212 10
3754 -8117.3 2.0
3755 -7870 30
3756 -5920# 200#
3757 -10369.4 1.2
3758 -7459 12
3759 -8621 7
3760 -8395 6
3761 -3849 8
3762 -8660 3
3763 -3538 26
3764 -191 11
3765 1767 11
3766 7280 70
3767 12091 18
3768 21610 70
3769 -3184 8
3770 -5231 5
3771 -6653 3
3772 -6579 5
3773 -5698 6
3774 -3550 8
3775 358 20
3776 2127 21
3777 6150 50
3778 12120 70
3779 19660 70
3780 -181.3 2.4
3781 -1200 11
3782 -4469.9 1.5
3783 -3380 4
3784 -3320 8
3785 -3146 5
3786 -4320 9
3787 -2695 9
3788 -958 9
3789 -835 9
3790 101 9
3791 6429 22
3792 10712 17
3793 19490 80
3794 4480# 410#
3795 1649 15
3796 2997 15
3797 -540.3 2.5
3798 -1255 7
3799 -1169 8
3800 318 7
3801 2534 8
3802 4412 8
3803 4781 8
3804 6012 21
3805 10927 27
3806 17870 90
3807 5874 11
3808 1783.8 2.2
3809 2257 4
3810 2670 6
3811 256 7
3812 2979 14
3813 3291 9
3814 8123 27
3815 8166 26
3816 10304 13
3817 12346 16
3818 12941 24
3819 17800 70
3820 8820# 200#
3821 5901 7
3822 4396 5
3823 3659 4
3824 4315 7
3825 5887 9
3826 8707 13
3827 10719 19
3828 12216 21
3829 17070 50
3830 18930 50
3831 22700 90
3832 13340# 360#
3833 8358.3 2.4
3834 8099 12
3835 5217.5 2.4
3836 7059 5
3837 7146 6
3838 7260# 150#
3839 6651 11
3840 10840 50
3841 10990# 70#
3842 11420# 70#
3843 12374 13
3844 18669 25
3845 21920 30
3846 12800# 360#
3847 10397 4
3848 8830.8 2.5
3849 8618 7
3850 9394 8
3851 11570 50
3852 14470 50
3853 18520 50
3854 23210 60
3855 15470# 360#
3856 14350 50
3857 10613.4 2.2
3858 11483 4
3859 10273 9
3860 13752 15
3861 14669 22
3862 20380 60
3863 23030# 200#
3864 16810# 200#
3865 14472 6
3866 13278 5
3867 12964 5
3868 14520 50
3869 16938 9
3870 20380 50
3871 24590# 100#
3872 20800# 300#
3873 16373.6 2.4
3874 16349 21
3875 14321 5
3876 16621 5
3877 16820# 150#
3878 17203 12
3879 22120# 70#
3880 24300# 100#
3881 23460# 400#
3882 20300# 300#
3883 18383.8 2.4
3884 17234.7 2.5
3885 17826 7
3886 19386 9
3887 22320 70
3888 25840 70
3889 22440# 300#
3890 21660 50
3891 18827.2 2.2
3892 20235 4
3893 19996 11
3894 23870 16
3895 25714 25
3896 26490# 300#
3897 23810 30
3898 21994.0 3.0
3899 21638 5
3900 22310 5
3901 24340 70
3902 27377 12
3903 31590 70
3904 28770# 400#
3905 27370 100
3906 23669.1 2.3
3907 24310 3
3908 23197 5
3909 26033 11
3910 27329 13
3911 32740# 90#
3912 32980# 420#
3913 29650 100
3914 27179.0 2.4
3915 25850.9 2.4
3916 25806.2 2.5
3917 26832 7
3918 29022 17
3919 32560 70
3920 35380# 410#
3921 33280# 200#
3922 28941.8 2.4
3923 28896.0 2.5
3924 26772.2 2.2
3925 28924 4
3926 29225 15
3927 33700# 200#
3928 36090 30
3929 35820 40
3930 32563 19
3931 30750 30
3932 29586.5 2.8
3933 29586.5 2.8
3934 29898.0 2.7
3935 29909.6 2.7
3936 31211 6
3937 33780 90
3938 33850# 100#
3939 37400 50
3940 39600# 450#
3941 34518 12
3942 33810 300
3943 30864.0 1.8
3944 32175 3
3945 31615 5
3946 35240 50
3947 35540# 210#
3948 36934 15
3949 42330# 470#
3950 38400# 300#
3951 38470# 300#
3952 35920 100
3953 33817.3 1.8
3954 33425.7 2.3
3955 33807 3
3956 35630 50
3957 35690# 60#
3958 38285 26
3959 42440# 300#
3960 46360# 640#
3961 40650# 280#
3962 39150 100
3963 35448.3 2.0
3964 35948 8
3965 34610.7 2.2
3966 37360# 100#
3967 38366 18
3968 43400# 300#
3969 44770# 470#
3970 41500# 300#
3971 38733.2 2.0
3972 37490.1 2.2
3973 36920.0 2.7
3974 37950 50
3975 38000# 60#
3976 40050 50
3977 43170# 100#
3978 47290 70
3979 47230# 490#
3980 45100# 400#
3981 40614 3
3982 40341 5
3983 40419 4
3984 38146.6 1.8
3985 39567.9 1.8
3986 39956 9
3987 40350 7
3988 44530# 210#
3989 46724 18
3990 47720# 360#
3991 44260 50
3992 42330 50
3993 40920.5 1.8
3994 40920.6 1.8
3995 41044.7 2.0
3996 42184 21
3997 44660# 120#
3998 47910# 200#
3999 47960# 210#
4000 52700# 400#
4001 51510# 500#
4002 46450# 200#
4003 45350 200
4004 42446.3 1.8
4005 45196 10
4006 43380 50
4007 43439 7
4008 43618 14
4009 42902.7 2.2
4010 46180# 100#
4011 47890# 200#
4012 53400# 400#
4013 50200# 360#
4014 47640 100
4015 45391.9 1.9
4016 44873.3 1.8
4017 45093.3 2.2
4018 45238.8 2.2
4019 46570# 60#
4020 49280# 210#
4021 49480# 260#
4022 53100# 220#
4023 53170# 230#
4024 57820# 500#
4025 52630# 280#
4026 50770 60
4027 47308.9 1.9
4028 49866.8 2.0
4029 47456.3 1.8
4030 49760# 200#
4031 46164.7 1.8
4032 48420 50
4033 50920# 210#
4034 49400 40
4035 54290# 290#
4036 54490# 330#
4037 57200# 400#
4038 53340# 200#
4039 50573.9 1.9
4040 50594# 20#
4041 50707.7 1.9
4042 49312.4 2.1
4043 48589.9 1.8
4044 48981.5 1.8
4045 49392.0 2.4
4046 51890 200
4047 51190# 100#
4048 51340# 140#
4049 54290# 230#
4050 54330# 230#
4051 58150# 210#
4052 56800# 300#
4053 52715 5
4054 52315 15
4055 52335 21
4056 50127.0 1.8
4057 51512 14
4058 51725.4 2.3
4059 55670# 150#
4060 55910# 180#
4061 58030# 200#
4062 64200# 400#
4063 56200# 300#
4064 54260 70
4065 52956.8 1.8
4066 53118.4 1.8
4067 55160 200
4068 52936.0 1.8
4069 55140 100
4070 53703.4 2.2
4071 56100# 200#
4072 56150# 200#
4073 59360# 260#
4074 59510# 270#
4075 63840# 230#
4076 64240# 300#
4077 58620# 200#
4078 57420 200
4079 57420# 210#
4080 54718.4 1.9
4081 55469.7 1.8
4082 55518.3 1.8
4083 57670 80
4084 54805.2 1.8
4085 57740# 200#
4086 57940# 280#
4087 57990# 220#
4088 59340 40
4089 64970# 330#
4090 68400# 400#
4091 59880# 30#
4092 59925 11
4093 57756 3
4094 58140 3
4095 57176.1 2.3
4096 57183.6 2.1
4097 57312 10
4098 58691 5
4099 58740# 30#
4100 60950# 140#
4101 64780# 230#
4102 65180# 310#
4103 69260# 220#
4104 63200# 300#
4105 59806 5
4106 59881.0 2.1
4107 59969.5 2.3
4108 58453.7 1.8
4109 59493.9 1.8
4110 60716 14
4111 60860# 50#
4112 61479.2 2.9
4113 66030# 180#
4114 66230# 240#
4115 69010# 280#
4116 63106 14
4117 61900 3
4118 61004.7 2.1
4119 61360.6 2.1
4120 61815.4 2.3
4121 61870# 30#
4122 63386.9 2.9
4123 63540# 100#
4124 66440# 200#
4125 66740# 220#
4126 66790# 250#
4127 70220# 280#
4128 75290# 320#
4129 75490# 310#
4130 65395 15
4131 64995 18
4132 65025 15
4133 62618.4 2.1
4134 63970 60
4135 64091.7 2.1
4136 67900# 220#
4137 68250# 300#
4138 70140 40
4139 76280# 330#
4140 76490# 340#
4141 69000# 300#
4142 67150# 100#
4143 65534 4
4144 65491 6
4145 66137 8
4146 68610# 30#
4147 68930# 200#
4148 71580# 140#
4149 non-exist EU
4150 71730# 170#
4151 71980# 210#
4152 76040# 320#
4153 76170# 310#
4154 70560# 200#
4155 67392 5
4156 68080# 70#
4157 68110 21
4158 68130 50
4159 67240 5
4160 70300# 50#
4161 non-exist RN
4162 71906 12
4163 77150# 240#
4164 77250# 250#
4165 80660# 300#
4166 73100# 300#
4167 70750 5
4168 70799 5
4169 69849.6 2.6
4170 69858.4 2.6
4171 69725.6 2.2
4172 69870.6 2.2
4173 71180# 30#
4174 73620# 100#
4175 77330# 220#
4176 77430# 250#
4177 81820# 340#
4178 72989 11
4179 72951 4
4180 72987 4
4181 73036 5
4182 71171.8 2.1
4183 73230# 100#
4184 73430# 180#
4185 74074 12
4186 75570# 300#
4187 78640# 300#
4188 78830# 340#
4189 81520# 200#
4190 76648 23
4191 75228 11
4192 75264 11
4193 74135 4
4194 74512 6
4195 75987 8
4196 76178 8
4197 79030# 200#
4198 79080# 210#
4199 82910# 180#
4200 83030# 210#
4201 87900# 300#
4202 79060# 300#
4203 78530# 200#
4204 76034 5
4205 77290 50
4206 76817 6
4207 80630# 200#
4208 80670# 220#
4209 82881 13
4210 88840# 250#
4211 89140# 290#
4212 80930# 360#
4213 79301 6
4214 79013.7 2.6
4215 79350 4
4216 81300# 210#
4217 81300# 210#
4218 84470# 100#
4219 84590# 100#
4220 88690# 220#
4221 88710# 250#
4222 93790# 450#
4223 93990# 470#
4224 84390# 300#
4225 81341 12
4226 81992 4
4227 82076 3
4228 80904.2 2.8
4229 83510# 100#
4230 83560# 140#
4231 84724 18
4232 85220# 100#
4233 89850# 340#
4234 89880# 340#
4235 93320# 290#
4236 84810# 200#
4237 84089 11
4238 83799 5
4239 84050# 100#
4240 84843 7
4241 84850# 70#
4242 86854 10
4243 86950# 70#
4244 90060# 210#
4245 94400# 180#
4246 94320# 210#
4247 100040# 420#
4248 87040# 300#
4249 87190# 100#
4250 87190# 140#
4251 85486 7
4252 87620 50
4253 87700# 110#
4254 87824 8
4255 91870# 220#
4256 91970# 230#
4257 94236 24
4258 100720# 290#
4259 89400# 410#
4260 88589 6
4261 88996.2 2.8
4262 90241 22
4263 90550# 110#
4264 92740# 210#
4265 92890# 230#
4266 95930# 100#
4267 96050# 100#
4268 96030# 120#
4269 100340# 230#
4270 100450# 250#
4271 92700# 300#
4272 90430# 200#
4273 91688 5
4274 91690# 200#
4275 91480# 200#
4276 94840# 100#
4277 95040# 180#
4278 96400# 200#
4279 101750# 340#
4280 101810# 350#
4281 105420# 410#
4282 93700# 280#
4283 93620# 200#
4284 94110# 100#
4285 94390# 180#
4286 95850# 70#
4287 96200# 170#
4288 98400# 70#
4289 98500# 100#
4290 98610# 130#
4291 102100# 210#
4292 106660# 180#
4293 95640# 500#
4294 96550# 320#
4295 95610# 200#
4296 98280# 120#
4297 99150# 200#
4298 103680# 230#
4299 103880# 280#
4300 106580 40
4301 113610# 580#
4302 98480# 650#
4303 98500# 300#
4304 99560# 200#
4305 101315 29
4306 101390# 100#
4307 101420 70
4308 104380# 230#
4309 108160# 130#
4310 108290# 140#
4311 108320# 140#
4312 113330# 230#
4313 101410# 580#
4314 99950# 450#
4315 102120# 200#
4316 102390# 280#
4317 102990# 490#
4318 106270# 180#
4319 106390# 200#
4320 108420# 280#
4321 114470# 350#
4322 114780# 350#
4323 102980# 490#
4324 103670# 360#
4325 104840# 180#
4326 107110# 170#
4327 107510# 260#
4328 110220# 120#
4329 110320# 100#
4330 114610# 370#
4331 119750# 350#
4332 120250# 360#
4333 104650# 640#
4334 106230# 440#
4335 106180# 450#
4336 109360# 230#
4337 110780# 280#
4338 116070# 280#
4339 116370# 310#
4340 119600 40
4341 107900# 710#
4342 108710# 420#
4343 110480# 280#
4344 112820 60
4345 113120# 120#
4346 116570# 380#
4347 121170# 140#
4348 121480# 140#
4349 126820# 460#
4350 111130# 660#
4351 109880# 540#
4352 112740# 360#
4353 113700# 290#
4354 118250# 200#
4355 121190# 280#
4356 127890# 350#
4357 129120# 350#
4358 113200# 580#
4359 113990# 470#
4360 115900# 270#
4361 118910# 260#
4362 122760# 100#
4363 non-exist EU
4364 127900# 540#
4365 134450# 370#
4366 115170# 710#
4367 116850# 530#
4368 117000# 540#
4369 120870# 380#
4370 123110# 410#
4371 129220# 320#
4372 129470# 330#
4373 133940# 500#
4374 118730# 770#
4375 119930# 660#
4376 121740# 410#
4377 124870# 120#
4378 129530# 550#
4379 135180# 140#
4380 121760# 720#
4381 121400# 620#
4382 124460# 470#
4383 125430# 290#
4384 131020# 540#
4385 134810# 290#
4386 135940# 290#
4387 124330# 650#
4388 125920# 560#
4389 128230# 340#
4390 131470# 570#
4391 136060# 110#
4392 136090# 110#
4393 125900# 770#
4394 128580# 610#
4395 129530# 580#
4396 133890# 480#
4397 136290# 650#
4398 143090# 330#
4399 128750# 660#
4400 130050# 830#
4401 132260# 830#
4402 134990# 510#
4403 138670# 130#
4404 138870# 130#
4405 138950# 130#
4406 143150# 610#
4407 132680# 780#
4408 133330# 650#
4409 137390# 560#
4410 139250# 490#
4411 145050# 620#
4412 134370# 650#
4413 135950# 710#
4414 138460# 590#
4415 141750# 450#
4416 145450# 690#
4417 137120# 820#
4418 140800# 680#
4419 142550# 610#
4420 147640# 630#
4421 139580# 730#
4422 141980# 880#
4423 144980# 960#
4424 148590# 620#
4425 152710# 130#
4426 144210# 840#
4427 145750# 680#
4428 150530# 630#
4429 153060# 530#
4430 145490# 720#
4431 147980# 740#
4432 151340# 660#
4433 155140# 490#
4434 148850# 850#
4435 153210# 740#
4436 155600# 640#
4437 150960# 730#
4438 154040# 930#
4439 157690# 990#
4440 156010# 890#
4441 158140# 710#
4442 156880# 780#
4443 160020# 770#
4444 164360# 730#
4445 160570# 850#
4446 165880# 800#
4447 162180# 730#
4448 166490# 980#
4449 171110# 1030#
4450 168120# 940#
4451 171260# 770#
4452 168640# 830#
4453 172880# 770#
4454 178090# 790#
4455 172970# 850#
4456 179310# 850#
4457 174450# 730#
4458 179510# 1020#
4459 185240# 1090#
4460 180840# 980#
4461 184990# 840#
4462 181070# 890#
4463 186310# 850#
4464 192410# 880#
4465 186100# 850#
4466 193330# 940#
4467 199960# 1200#
