# MonthlySunspot number train set. The first column represents the time and the second column has the SSN index from 1750 to 1982. AveSSN = x/10
t x
0 733
1 759
2 892
3 883
4 900
5 1000
6 854
7 1030
8 912
9 657
10 633
11 754
12 700
13 435
14 453
15 564
16 607
17 507
18 663
19 598
20 235
21 232
22 285
23 440
24 350
25 500
26 710
27 593
28 597
29 396
30 784
31 293
32 271
33 466
34 376
35 400
36 440
37 320
38 457
39 380
40 360
41 317
42 220
43 390
44 280
45 250
46 200
47 67
48 0
49 30
50 17
51 137
52 207
53 267
54 188
55 123
56 82
57 241
58 132
59 42
60 102
61 112
62 68
63 65
64 0
65 0
66 86
67 32
68 178
69 237
70 68
71 200
72 125
73 71
74 54
75 94
76 125
77 129
78 36
79 64
80 118
81 143
82 170
83 94
84 141
85 212
86 262
87 300
88 381
89 128
90 250
91 513
92 397
93 325
94 647
95 335
96 376
97 520
98 490
99 723
100 464
101 450
102 440
103 387
104 625
105 377
106 430
107 430
108 483
109 440
110 468
111 470
112 490
113 500
114 510
115 713
116 772
117 597
118 463
119 570
120 673
121 595
122 747
123 583
124 720
125 483
126 660
127 756
128 613
129 506
130 597
131 610
132 700
133 910
134 807
135 717
136 1072
137 993
138 941
139 911
140 1007
141 887
142 897
143 460
144 438
145 728
146 457
147 602
148 399
149 771
150 338
151 677
152 685
153 693
154 778
155 772
156 565
157 319
158 342
159 329
160 327
161 358
162 542
163 265
164 681
165 463
166 609
167 614
168 597
169 597
170 402
171 344
172 443
173 300
174 300
175 300
176 282
177 280
178 260
179 257
180 240
181 260
182 250
183 220
184 202
185 200
186 270
187 297
188 160
189 140
190 140
191 130
192 120
193 110
194 366
195 60
196 268
197 30
198 33
199 40
200 43
201 50
202 57
203 192
204 274
205 300
206 430
207 329
208 298
209 333
210 219
211 408
212 427
213 441
214 547
215 533
216 535
217 661
218 463
219 427
220 777
221 774
222 526
223 668
224 748
225 778
226 906
227 1118
228 739
229 642
230 643
231 967
232 736
233 944
234 1186
235 1203
236 1488
237 1582
238 1481
239 1120
240 1040
241 1425
242 801
243 510
244 701
245 833
246 1098
247 1263
248 1044
249 1036
250 1322
251 1023
252 360
253 462
254 467
255 649
256 1527
257 1195
258 677
259 585
260 1014
261 900
262 997
263 957
264 1009
265 908
266 311
267 922
268 380
269 570
270 773
271 562
272 505
273 786
274 613
275 640
276 546
277 290
278 512
279 329
280 411
281 284
282 277
283 127
284 293
285 263
286 409
287 432
288 468
289 654
290 557
291 438
292 513
293 285
294 175
295 66
296 79
297 140
298 177
299 122
300 44
301 0
302 116
303 112
304 39
305 123
306 10
307 79
308 32
309 56
310 151
311 79
312 217
313 116
314 63
315 218
316 112
317 190
318 10
319 242
320 160
321 300
322 350
323 400
324 450
325 365
326 390
327 955
328 803
329 807
330 950
331 1120
332 1162
333 1065
334 1460
335 1573
336 1773
337 1093
338 1340
339 1450
340 2389
341 1716
342 1530
343 1400
344 1717
345 1563
346 1503
347 1050
348 1147
349 1657
350 1180
351 1450
352 1400
353 1137
354 1430
355 1120
356 1110
357 1240
358 1140
359 1100
360 700
361 980
362 980
363 950
364 1072
365 880
366 860
367 860
368 937
369 770
370 600
371 587
372 987
373 747
374 530
375 683
376 1047
377 977
378 735
379 660
380 510
381 273
382 670
383 352
384 540
385 375
386 370
387 410
388 543
389 380
390 370
391 440
392 340
393 232
394 315
395 300
396 280
397 387
398 267
399 283
400 230
401 252
402 322
403 200
404 180
405 80
406 150
407 105
408 130
409 80
410 110
411 100
412 60
413 90
414 60
415 100
416 100
417 80
418 170
419 140
420 65
421 80
422 90
423 157
424 207
425 263
426 363
427 200
428 320
429 472
430 402
431 273
432 372
433 476
434 477
435 854
436 923
437 590
438 830
439 897
440 1115
441 1123
442 1160
443 1127
444 1347
445 1060
446 874
447 1272
448 1348
449 992
450 1280
451 1372
452 1573
453 1570
454 1415
455 1740
456 1380
457 1292
458 1433
459 1085
460 1130
461 1542
462 1415
463 1360
464 1410
465 1420
466 947
467 1295
468 1140
469 1253
470 1200
471 1233
472 1235
473 1200
474 1170
475 1030
476 1120
477 897
478 1340
479 1355
480 1030
481 1275
482 963
483 940
484 930
485 910
486 693
487 870
488 773
489 843
490 820
491 740
492 727
493 620
494 740
495 772
496 737
497 642
498 710
499 430
500 665
501 617
502 670
503 660
504 580
505 640
506 630
507 757
508 620
509 610
510 458
511 600
512 590
513 590
514 570
515 560
516 560
517 550
518 555
519 530
520 523
521 510
522 500
523 293
524 240
525 470
526 440
527 457
528 450
529 440
530 380
531 284
532 557
533 415
534 410
535 400
536 111
537 285
538 674
539 514
540 214
541 399
542 126
543 186
544 310
545 171
546 129
547 257
548 135
549 195
550 250
551 180
552 220
553 238
554 157
555 317
556 210
557 67
558 269
559 15
560 184
561 110
562 84
563 51
564 144
565 42
566 40
567 40
568 73
569 111
570 43
571 60
572 57
573 69
574 58
575 30
576 20
577 40
578 124
579 11
580 0
581 0
582 0
583 30
584 24
585 15
586 125
587 99
588 16
589 126
590 217
591 84
592 82
593 106
594 21
595 0
596 0
597 46
598 27
599 86
600 69
601 93
602 139
603 0
604 50
605 237
606 210
607 195
608 115
609 123
610 105
611 401
612 270
613 290
614 300
615 310
616 320
617 312
618 350
619 387
620 335
621 326
622 398
623 482
624 478
625 470
626 408
627 420
628 440
629 460
630 480
631 500
632 518
633 385
634 345
635 500
636 500
637 508
638 295
639 250
640 443
641 360
642 483
643 341
644 453
645 543
646 510
647 480
648 453
649 483
650 480
651 506
652 334
653 348
654 298
655 431
656 530
657 623
658 610
659 600
660 610
661 441
662 514
663 375
664 390
665 405
666 376
667 427
668 444
669 294
670 410
671 383
672 390
673 296
674 327
675 277
676 264
677 256
678 300
679 263
680 240
681 270
682 250
683 240
684 120
685 122
686 96
687 238
688 100
689 120
690 127
691 120
692 57
693 80
694 26
695 0
696 0
697 45
698 0
699 123
700 135
701 135
702 67
703 80
704 117
705 47
706 105
707 123
708 72
709 92
710 9
711 25
712 20
713 77
714 3
715 2
716 4
717 0
718 0
719 0
720 0
721 0
722 0
723 0
724 0
725 0
726 0
727 0
728 0
729 0
730 0
731 0
732 0
733 0
734 0
735 0
736 0
737 0
738 66
739 0
740 24
741 61
742 8
743 11
744 113
745 19
746 7
747 0
748 10
749 13
750 5
751 156
752 52
753 39
754 79
755 101
756 0
757 103
758 19
759 166
760 55
761 112
762 183
763 84
764 153
765 278
766 167
767 143
768 222
769 120
770 57
771 238
772 58
773 149
774 185
775 23
776 81
777 193
778 145
779 201
780 192
781 322
782 262
783 316
784 98
785 559
786 355
787 472
788 315
789 335
790 372
791 650
792 263
793 688
794 737
795 588
796 443
797 436
798 388
799 232
800 478
801 564
802 381
803 299
804 364
805 579
806 962
807 264
808 212
809 400
810 500
811 450
812 367
813 256
814 289
815 284
816 349
817 224
818 254
819 345
820 531
821 364
822 280
823 315
824 261
825 316
826 109
827 258
828 328
829 207
830 37
831 202
832 196
833 350
834 314
835 261
836 149
837 275
838 251
839 306
840 192
841 266
842 45
843 194
844 293
845 108
846 206
847 259
848 52
849 89
850 79
851 91
852 215
853 42
854 57
855 92
856 17
857 18
858 25
859 48
860 44
861 188
862 44
863 2
864 0
865 9
866 161
867 135
868 15
869 56
870 79
871 21
872 0
873 4
874 0
875 0
876 0
877 0
878 6
879 0
880 0
881 0
882 5
883 0
884 0
885 0
886 0
887 204
888 217
889 108
890 0
891 194
892 28
893 0
894 0
895 14
896 205
897 252
898 0
899 8
900 50
901 155
902 224
903 38
904 155
905 154
906 309
907 257
908 157
909 156
910 117
911 220
912 177
913 182
914 367
915 240
916 324
917 371
918 525
919 396
920 189
921 506
922 395
923 681
924 346
925 474
926 578
927 460
928 563
929 567
930 423
931 537
932 496
933 561
934 482
935 461
936 528
937 644
938 650
939 611
940 891
941 980
942 542
943 764
944 504
945 547
946 570
947 469
948 430
949 494
950 723
951 950
952 674
953 739
954 908
955 776
956 528
957 572
958 676
959 565
960 522
961 721
962 846
963 1063
964 663
965 651
966 439
967 507
968 621
969 844
970 812
971 821
972 475
973 501
974 934
975 545
976 381
977 334
978 452
979 550
980 379
981 463
982 435
983 289
984 309
985 556
986 551
987 269
988 413
989 267
990 140
991 89
992 82
993 211
994 143
995 275
996 113
997 149
998 118
999 28
1000 129
1001 10
1002 70
1003 57
1004 116
1005 75
1006 59
1007 99
1008 49
1009 181
1010 39
1011 14
1012 88
1013 78
1014 87
1015 40
1016 115
1017 248
1018 305
1019 345
1020 75
1021 245
1022 197
1023 615
1024 436
1025 332
1026 598
1027 590
1028 1008
1029 952
1030 1000
1031 775
1032 886
1033 1076
1034 982
1035 1429
1036 1114
1037 1247
1038 1167
1039 1078
1040 951
1041 1374
1042 1209
1043 2062
1044 1880
1045 1756
1046 1346
1047 1382
1048 1117
1049 1580
1050 1628
1051 1340
1052 963
1053 1237
1054 1070
1055 1298
1056 1449
1057 848
1058 1408
1059 1266
1060 1376
1061 945
1062 1082
1063 788
1064 736
1065 908
1066 774
1067 798
1068 1056
1069 1025
1070 777
1071 618
1072 538
1073 546
1074 848
1075 1312
1076 1327
1077 909
1078 688
1079 637
1080 812
1081 877
1082 678
1083 659
1084 692
1085 485
1086 607
1087 578
1088 740
1089 550
1090 543
1091 537
1092 241
1093 299
1094 297
1095 402
1096 675
1097 557
1098 308
1099 393
1100 365
1101 285
1102 198
1103 388
1104 204
1105 221
1106 217
1107 269
1108 249
1109 205
1110 126
1111 266
1112 184
1113 381
1114 405
1115 176
1116 133
1117 35
1118 83
1119 95
1120 211
1121 105
1122 95
1123 118
1124 42
1125 53
1126 191
1127 127
1128 94
1129 147
1130 136
1131 208
1132 116
1133 37
1134 212
1135 239
1136 70
1137 215
1138 107
1139 216
1140 257
1141 436
1142 433
1143 570
1144 478
1145 311
1146 306
1147 323
1148 296
1149 407
1150 394
1151 597
1152 387
1153 510
1154 639
1155 693
1156 599
1157 651
1158 465
1159 548
1160 1071
1161 559
1162 604
1163 655
1164 626
1165 449
1166 857
1167 447
1168 754
1169 853
1170 522
1171 1406
1172 1609
1173 1804
1174 1389
1175 1096
1176 1591
1177 1118
1178 1086
1179 1071
1180 1022
1181 1290
1182 1392
1183 1326
1184 1003
1185 1324
1186 1146
1187 1595
1188 1570
1189 1317
1190 962
1191 1025
1192 806
1193 811
1194 780
1195 677
1196 937
1197 715
1198 990
1199 970
1200 780
1201 894
1202 826
1203 441
1204 616
1205 700
1206 391
1207 616
1208 862
1209 710
1210 548
1211 610
1212 755
1213 1054
1214 646
1215 565
1216 626
1217 632
1218 361
1219 574
1220 679
1221 625
1222 510
1223 714
1224 684
1225 664
1226 612
1227 654
1228 549
1229 469
1230 421
1231 397
1232 375
1233 673
1234 543
1235 454
1236 411
1237 429
1238 377
1239 476
1240 347
1241 400
1242 459
1243 504
1244 335
1245 423
1246 288
1247 234
1248 154
1249 200
1250 207
1251 265
1252 240
1253 211
1254 187
1255 158
1256 224
1257 126
1258 282
1259 216
1260 123
1261 114
1262 174
1263 44
1264 91
1265 53
1266 4
1267 31
1268 0
1269 96
1270 42
1271 31
1272 5
1273 49
1274 4
1275 65
1276 0
1277 52
1278 46
1279 59
1280 44
1281 45
1282 77
1283 72
1284 137
1285 74
1286 52
1287 111
1288 286
1289 160
1290 222
1291 169
1292 424
1293 406
1294 314
1295 372
1296 390
1297 349
1298 575
1299 383
1300 414
1301 445
1302 567
1303 553
1304 801
1305 912
1306 519
1307 669
1308 837
1309 876
1310 903
1311 857
1312 910
1313 871
1314 952
1315 1068
1316 1058
1317 1146
1318 972
1319 810
1320 824
1321 883
1322 989
1323 714
1324 1071
1325 1086
1326 1167
1327 1003
1328 922
1329 901
1330 979
1331 956
1332 623
1333 777
1334 1010
1335 985
1336 568
1337 881
1338 780
1339 825
1340 799
1341 672
1342 537
1343 805
1344 631
1345 645
1346 436
1347 537
1348 644
1349 840
1350 734
1351 625
1352 666
1353 419
1354 506
1355 409
1356 483
1357 567
1358 664
1359 406
1360 538
1361 408
1362 327
1363 481
1364 220
1365 399
1366 377
1367 412
1368 577
1369 471
1370 663
1371 358
1372 406
1373 578
1374 547
1375 548
1376 285
1377 339
1378 576
1379 286
1380 487
1381 393
1382 395
1383 294
1384 345
1385 336
1386 268
1387 378
1388 216
1389 171
1390 246
1391 128
1392 316
1393 384
1394 246
1395 176
1396 129
1397 165
1398 93
1399 127
1400 73
1401 141
1402 90
1403 15
1404 0
1405 7
1406 92
1407 51
1408 29
1409 15
1410 50
1411 48
1412 98
1413 135
1414 96
1415 252
1416 156
1417 157
1418 265
1419 366
1420 267
1421 311
1422 290
1423 344
1424 472
1425 616
1426 591
1427 676
1428 609
1429 599
1430 527
1431 410
1432 1039
1433 1084
1434 592
1435 796
1436 806
1437 593
1438 781
1439 1043
1440 773
1441 1149
1442 1576
1443 1600
1444 1760
1445 1356
1446 1324
1447 1538
1448 1360
1449 1464
1450 1475
1451 1300
1452 883
1453 1253
1454 1432
1455 1624
1456 1455
1457 917
1458 1030
1459 1101
1460 803
1461 890
1462 1054
1463 904
1464 795
1465 1201
1466 884
1467 1021
1468 1076
1469 1099
1470 1055
1471 929
1472 1146
1473 1026
1474 1120
1475 839
1476 867
1477 1070
1478 983
1479 762
1480 479
1481 448
1482 669
1483 682
1484 471
1485 471
1486 554
1487 492
1488 608
1489 642
1490 464
1491 320
1492 446
1493 382
1494 678
1495 613
1496 280
1497 343
1498 289
1499 293
1500 146
1501 215
1502 338
1503 291
1504 115
1505 239
1506 125
1507 146
1508 24
1509 127
1510 177
1511 99
1512 143
1513 150
1514 306
1515 23
1516 51
1517 16
1518 152
1519 88
1520 99
1521 143
1522 99
1523 82
1524 244
1525 87
1526 119
1527 158
1528 216
1529 142
1530 60
1531 63
1532 169
1533 67
1534 142
1535 22
1536 33
1537 66
1538 78
1539 1
1540 59
1541 64
1542 1
1543 0
1544 53
1545 11
1546 41
1547 5
1548 10
1549 6
1550 0
1551 62
1552 24
1553 48
1554 75
1555 107
1556 61
1557 123
1558 131
1559 73
1560 240
1561 272
1562 193
1563 195
1564 235
1565 341
1566 219
1567 481
1568 660
1569 430
1570 307
1571 296
1572 364
1573 532
1574 515
1575 516
1576 435
1577 605
1578 769
1579 584
1580 532
1581 644
1582 548
1583 473
1584 450
1585 695
1586 668
1587 958
1588 641
1589 452
1590 454
1591 404
1592 577
1593 592
1594 844
1595 418
1596 606
1597 469
1598 428
1599 821
1600 315
1601 763
1602 806
1603 460
1604 526
1605 838
1606 845
1607 759
1608 915
1609 869
1610 875
1611 761
1612 665
1613 512
1614 531
1615 558
1616 619
1617 478
1618 366
1619 472
1620 428
1621 718
1622 498
1623 550
1624 730
1625 837
1626 665
1627 500
1628 396
1629 387
1630 309
1631 217
1632 299
1633 259
1634 573
1635 437
1636 307
1637 271
1638 303
1639 169
1640 214
1641 86
1642 3
1643 130
1644 103
1645 132
1646 42
1647 69
1648 200
1649 157
1650 233
1651 214
1652 74
1653 66
1654 69
1655 207
1656 127
1657 71
1658 78
1659 51
1660 70
1661 71
1662 31
1663 28
1664 88
1665 21
1666 107
1667 67
1668 8
1669 85
1670 67
1671 43
1672 24
1673 64
1674 94
1675 206
1676 65
1677 21
1678 2
1679 67
1680 53
1681 6
1682 51
1683 16
1684 48
1685 13
1686 116
1687 85
1688 172
1689 112
1690 96
1691 78
1692 135
1693 222
1694 104
1695 205
1696 411
1697 483
1698 588
1699 330
1700 538
1701 515
1702 419
1703 325
1704 691
1705 756
1706 499
1707 696
1708 796
1709 763
1710 765
1711 1014
1712 628
1713 705
1714 654
1715 786
1716 750
1717 730
1718 657
1719 881
1720 847
1721 899
1722 886
1723 1292
1724 779
1725 800
1726 751
1727 938
1728 832
1729 846
1730 523
1731 816
1732 1012
1733 989
1734 1060
1735 703
1736 659
1737 755
1738 566
1739 600
1740 633
1741 672
1742 610
1743 769
1744 675
1745 715
1746 478
1747 689
1748 577
1749 679
1750 472
1751 707
1752 290
1753 574
1754 520
1755 438
1756 277
1757 490
1758 450
1759 272
1760 613
1761 287
1762 380
1763 426
1764 406
1765 294
1766 291
1767 310
1768 200
1769 113
1770 276
1771 218
1772 481
1773 143
1774 84
1775 333
1776 302
1777 364
1778 383
1779 145
1780 258
1781 223
1782 90
1783 314
1784 348
1785 344
1786 309
1787 126
1788 195
1789 92
1790 181
1791 142
1792 77
1793 205
1794 135
1795 29
1796 84
1797 130
1798 78
1799 105
1800 94
1801 136
1802 86
1803 160
1804 152
1805 121
1806 83
1807 43
1808 83
1809 129
1810 45
1811 3
1812 2
1813 24
1814 45
1815 0
1816 102
1817 58
1818 7
1819 10
1820 6
1821 37
1822 38
1823 0
1824 55
1825 0
1826 124
1827 0
1828 28
1829 14
1830 9
1831 23
1832 76
1833 163
1834 103
1835 11
1836 83
1837 170
1838 135
1839 261
1840 146
1841 163
1842 279
1843 288
1844 111
1845 389
1846 445
1847 456
1848 316
1849 245
1850 372
1851 430
1852 395
1853 419
1854 506
1855 582
1856 301
1857 542
1858 380
1859 546
1860 548
1861 858
1862 565
1863 393
1864 480
1865 490
1866 730
1867 588
1868 550
1869 787
1870 1072
1871 555
1872 455
1873 313
1874 645
1875 553
1876 577
1877 632
1878 1036
1879 477
1880 561
1881 178
1882 389
1883 647
1884 764
1885 1082
1886 607
1887 526
1888 429
1889 404
1890 497
1891 543
1892 850
1893 654
1894 615
1895 473
1896 392
1897 339
1898 287
1899 576
1900 408
1901 481
1902 395
1903 905
1904 869
1905 323
1906 455
1907 395
1908 567
1909 466
1910 663
1911 323
1912 360
1913 226
1914 358
1915 231
1916 388
1917 584
1918 558
1919 542
1920 264
1921 315
1922 214
1923 84
1924 222
1925 123
1926 141
1927 115
1928 262
1929 383
1930 49
1931 58
1932 34
1933 90
1934 78
1935 165
1936 90
1937 22
1938 35
1939 40
1940 40
1941 26
1942 42
1943 22
1944 3
1945 0
1946 49
1947 45
1948 44
1949 41
1950 30
1951 3
1952 95
1953 46
1954 11
1955 64
1956 23
1957 29
1958 5
1959 9
1960 0
1961 0
1962 17
1963 2
1964 12
1965 31
1966 7
1967 38
1968 28
1969 26
1970 31
1971 173
1972 52
1973 114
1974 54
1975 77
1976 127
1977 82
1978 164
1979 223
1980 230
1981 423
1982 388
1983 413
1984 330
1985 688
1986 716
1987 696
1988 495
1989 535
1990 425
1991 345
1992 453
1993 554
1994 670
1995 718
1996 745
1997 677
1998 535
1999 352
2000 451
2001 507
2002 656
2003 530
2004 747
2005 719
2006 948
2007 747
2008 1141
2009 1149
2010 1198
2011 1545
2012 1294
2013 722
2014 964
2015 1293
2016 960
2017 653
2018 722
2019 805
2020 767
2021 594
2022 1076
2023 1017
2024 799
2025 850
2026 834
2027 592
2028 481
2029 795
2030 665
2031 518
2032 881
2033 1112
2034 647
2035 690
2036 547
2037 528
2038 420
2039 349
2040 511
2041 539
2042 702
2043 148
2044 333
2045 387
2046 275
2047 192
2048 363
2049 496
2050 272
2051 299
2052 315
2053 283
2054 267
2055 324
2056 222
2057 337
2058 419
2059 228
2060 178
2061 182
2062 178
2063 203
2064 118
2065 264
2066 547
2067 110
2068 80
2069 58
2070 109
2071 65
2072 47
2073 62
2074 74
2075 175
2076 45
2077 15
2078 33
2079 61
2080 32
2081 91
2082 35
2083 5
2084 132
2085 116
2086 100
2087 28
2088 5
2089 51
2090 18
2091 113
2092 208
2093 240
2094 281
2095 193
2096 251
2097 256
2098 225
2099 165
2100 55
2101 232
2102 180
2103 317
2104 428
2105 475
2106 385
2107 379
2108 602
2109 692
2110 586
2111 986
2112 718
2113 699
2114 625
2115 385
2116 643
2117 735
2118 523
2119 616
2120 608
2121 715
2122 605
2123 794
2124 816
2125 930
2126 696
2127 935
2128 791
2129 591
2130 549
2131 538
2132 684
2133 631
2134 672
2135 452
2136 835
2137 735
2138 854
2139 806
2140 770
2141 914
2142 980
2143 838
2144 897
2145 614
2146 503
2147 590
2148 689
2149 628
2150 502
2151 528
2152 582
2153 719
2154 702
2155 658
2156 344
2157 540
2158 811
2159 1080
2160 653
2161 499
2162 350
2163 382
2164 368
2165 288
2166 219
2167 249
2168 321
2169 344
2170 356
2171 258
2172 146
2173 431
2174 300
2175 312
2176 246
2177 153
2178 174
2179 130
2180 190
2181 100
2182 187
2183 178
2184 121
2185 106
2186 112
2187 112
2188 179
2189 222
2190 96
2191 68
2192 40
2193 89
2194 82
2195 110
2196 123
2197 222
2198 101
2199 29
2200 32
2201 52
2202 28
2203 2
2204 51
2205 30
2206 6
2207 3
2208 34
2209 78
2210 43
2211 113
2212 197
2213 67
2214 93
2215 83
2216 40
2217 57
2218 87
2219 154
2220 186
2221 205
2222 231
2223 122
2224 273
2225 457
2226 339
2227 301
2228 421
2229 532
2230 642
2231 615
2232 628
2233 743
2234 771
2235 749
2236 546
2237 700
2238 523
2239 870
2240 760
2241 890
2242 1154
2243 1234
2244 1325
2245 1285
2246 839
2247 1093
2248 1167
2249 1303
2250 1451
2251 1377
2252 1007
2253 1249
2254 744
2255 888
2256 984
2257 1192
2258 865
2259 1010
2260 1274
2261 975
2262 1653
2263 1157
2264 896
2265 991
2266 1222
2267 927
2268 803
2269 774
2270 646
2271 1091
2272 1183
2273 1010
2274 976
2275 1058
2276 1126
2277 881
2278 681
2279 421
2280 505
2281 594
2282 833
2283 607
2284 544
2285 839
2286 675
2287 1055
2288 665
2289 550
2290 584
2291 683
2292 456
2293 445
2294 464
2295 328
2296 295
2297 598
2298 669
2299 600
2300 659
2301 463
2302 384
2303 337
2304 356
2305 528
2306 542
2307 607
2308 250
2309 114
2310 177
2311 202
2312 172
2313 192
2314 307
2315 225
2316 124
2317 289
2318 274
2319 261
2320 141
2321 76
2322 132
2323 194
2324 100
2325 78
2326 102
2327 188
2328 37
2329 5
2330 110
2331 3
2332 25
2333 50
2334 50
2335 167
2336 143
2337 169
2338 108
2339 284
2340 185
2341 127
2342 215
2343 320
2344 306
2345 362
2346 426
2347 259
2348 349
2349 688
2350 460
2351 274
2352 476
2353 862
2354 766
2355 757
2356 849
2357 735
2358 1162
2359 1072
2360 944
2361 1023
2362 1238
2363 1217
2364 1157
2365 1334
2366 1298
2367 1498
2368 2013
2369 1639
2370 1579
2371 1888
2372 1694
2373 1636
2374 1280
2375 1165
2376 1085
2377 861
2378 948
2379 1897
2380 1740
2381 1678
2382 1422
2383 1579
2384 1433
2385 1363
2386 958
2387 1380
2388 1191
2389 1823
2390 1575
2391 1470
2392 1062
2393 1217
2394 1258
2395 1238
2396 1453
2397 1316
2398 1435
2399 1176
2400 1016
2401 948
2402 1097
2403 1134
2404 1062
2405 836
2406 910
2407 852
2408 513
2409 614
2410 548
2411 541
2412 599
2413 599
2414 559
2415 929
2416 1085
2417 1006
2418 615
2419 610
2420 831
2421 516
2422 524
2423 458
2424 407
2425 227
2426 220
2427 291
2428 234
2429 364
2430 393
2431 549
2432 282
2433 238
2434 221
2435 343
2436 265
2437 39
2438 100
2439 278
2440 125
2441 218
2442 86
2443 235
2444 193
2445 82
2446 16
2447 25
2448 2
2449 5
2450 109
2451 18
2452 8
2453 2
2454 48
2455 84
2456 15
2457 70
2458 92
2459 76
2460 231
2461 208
2462 49
2463 113
2464 289
2465 317
2466 267
2467 407
2468 427
2469 585
2470 892
2471 769
2472 736
2473 1240
2474 1184
2475 1107
2476 1366
2477 1166
2478 1291
2479 1696
2480 1732
2481 1553
2482 2013
2483 1921
2484 1650
2485 1302
2486 1574
2487 1752
2488 1646
2489 2007
2490 1872
2491 1580
2492 2358
2493 2538
2494 2109
2495 2394
2496 2025
2497 1649
2498 1907
2499 1960
2500 1753
2501 1715
2502 1914
2503 2002
2504 2012
2505 1815
2506 1523
2507 1876
2508 2174
2509 1431
2510 1857
2511 1633
2512 1720
2513 1687
2514 1496
2515 1996
2516 1452
2517 1114
2518 1240
2519 1250
2520 1463
2521 1060
2522 1022
2523 1220
2524 1196
2525 1102
2526 1217
2527 1341
2528 1272
2529 828
2530 896
2531 856
2532 579
2533 461
2534 530
2535 614
2536 510
2537 774
2538 702
2539 558
2540 636
2541 377
2542 326
2543 399
2544 387
2545 503
2546 456
2547 464
2548 437
2549 420
2550 218
2551 218
2552 513
2553 395
2554 269
2555 232
2556 198
2557 244
2558 171
2559 293
2560 430
2561 359
2562 196
2563 332
2564 388
2565 353
2566 234
2567 149
2568 153
2569 177
2570 165
2571 86
2572 95
2573 91
2574 31
2575 93
2576 47
2577 61
2578 74
2579 151
2580 175
2581 142
2582 117
2583 68
2584 241
2585 159
2586 119
2587 89
2588 168
2589 201
2590 158
2591 170
2592 282
2593 244
2594 253
2595 487
2596 453
2597 477
2598 567
2599 512
2600 502
2601 572
2602 572
2603 704
2604 1109
2605 936
2606 1118
2607 695
2608 865
2609 673
2610 915
2611 1072
2612 768
2613 882
2614 943
2615 1264
2616 1218
2617 1119
2618 922
2619 812
2620 1272
2621 1103
2622 961
2623 1093
2624 1172
2625 1077
2626 860
2627 1098
2628 1044
2629 1205
2630 1358
2631 1068
2632 1200
2633 1060
2634 968
2635 980
2636 913
2637 957
2638 935
2639 979
2640 1115
2641 1278
2642 1029
2643 1095
2644 1275
2645 1068
2646 1125
2647 930
2648 995
2649 866
2650 952
2651 835
2652 913
2653 790
2654 607
2655 718
2656 575
2657 498
2658 810
2659 614
2660 502
2661 517
2662 632
2663 822
2664 615
2665 884
2666 801
2667 632
2668 805
2669 880
2670 765
2671 768
2672 640
2673 613
2674 416
2675 453
2676 434
2677 429
2678 460
2679 577
2680 424
2681 375
2682 231
2683 256
2684 593
2685 307
2686 239
2687 233
2688 276
2689 260
2690 213
2691 403
2692 395
2693 360
2694 558
2695 336
2696 402
2697 471
2698 250
2699 205
2700 189
2701 115
2702 115
2703 51
2704 90
2705 114
2706 282
2707 397
2708 139
2709 91
2710 194
2711 78
2712 81
2713 43
2714 219
2715 188
2716 124
2717 122
2718 19
2719 164
2720 135
2721 206
2722 52
2723 153
2724 164
2725 231
2726 87
2727 129
2728 186
2729 385
2730 214
2731 301
2732 440
2733 438
2734 291
2735 432
2736 519
2737 936
2738 765
2739 997
2740 827
2741 951
2742 704
2743 581
2744 1382
2745 1251
2746 979
2747 1227
2748 1666
2749 1375
2750 1380
2751 1015
2752 1344
2753 1495
2754 1594
2755 1422
2756 1884
2757 1862
2758 1833
2759 1763
2760 1596
2761 1550
2762 1262
2763 1641
2764 1799
2765 1573
2766 1363
2767 1354
2768 1550
2769 1647
2770 1479
2771 1744
2772 1140
2773 1413
2774 1355
2775 1564
2776 1275
2777 909
2778 1438
2779 1587
2780 1673
2781 1624
2782 1375
2783 1501
2784 1112
2785 1636
2786 1538
2787 1220
2788 822
2789 1104
2790 1061
2791 1076
2792 1188
2793 947
2794 981
2795 1270
