This file contains the integer representation of positive random numbers between 0 and 500.
The first (n-1)th integers of each row represent the input random numbers for Markov network, and the last integer represents the corresponding output to those inputs (prediction target).
This file contains random number similar to what we had for sunspot nembers from 1990 to 2011.
Number of data in this file is:
8034
293	382
382	101
101	315
315	278
278	166
166	226
226	280
280	502
502	446
446	164
164	464
464	306
306	252
252	305
305	242
242	248
248	358
358	353
353	353
353	302
302	173
173	305
305	368
368	290
290	327
327	306
306	235
235	276
276	202
202	317
317	177
177	183
183	201
201	54
54	355
355	278
278	204
204	350
350	139
139	249
249	240
240	278
278	278
278	197
197	254
254	245
245	299
299	331
331	332
332	197
197	261
261	173
173	180
180	256
256	361
361	203
203	282
282	241
241	333
333	181
181	258
258	294
294	332
332	362
362	262
262	154
154	205
205	183
183	417
417	214
214	307
307	243
243	317
317	204
204	160
160	159
159	290
290	244
244	243
243	353
353	276
276	270
270	365
365	201
201	304
304	313
313	239
239	271
271	176
176	177
177	263
263	306
306	433
433	210
210	269
269	250
250	124
124	226
226	133
133	314
314	195
195	263
263	219
219	277
277	215
215	290
290	307
307	374
374	243
243	109
109	199
199	349
349	183
183	322
322	265
265	355
355	122
122	243
243	173
173	456
456	313
313	351
351	184
184	224
224	237
237	331
331	237
237	304
304	115
115	232
232	200
200	148
148	291
291	275
275	258
258	165
165	333
333	280
280	236
236	258
258	238
238	136
136	237
237	199
199	189
189	177
177	220
220	119
119	322
322	292
292	255
255	254
254	201
201	326
326	247
247	207
207	349
349	241
241	216
216	236
236	198
198	179
179	429
429	370
370	277
277	170
170	197
197	244
244	310
310	165
165	96
96	157
157	279
279	283
283	287
287	247
247	269
269	223
223	315
315	163
163	287
287	198
198	233
233	294
294	327
327	179
179	343
343	301
301	251
251	243
243	241
241	235
235	258
258	260
260	313
313	361
361	288
288	242
242	299
299	269
269	186
186	321
321	277
277	265
265	291
291	274
274	192
192	245
245	246
246	220
220	371
371	196
196	223
223	207
207	176
176	243
243	237
237	361
361	239
239	183
183	366
366	341
341	240
240	153
153	226
226	245
245	275
275	238
238	287
287	283
283	170
170	191
191	205
205	221
221	234
234	257
257	48
48	225
225	341
341	183
183	320
320	280
280	254
254	269
269	149
149	250
250	366
366	263
263	259
259	206
206	254
254	272
272	285
285	231
231	240
240	395
395	101
101	409
409	279
279	325
325	142
142	216
216	237
237	285
285	142
142	288
288	173
173	261
261	301
301	279
279	330
330	325
325	211
211	274
274	191
191	165
165	320
320	256
256	252
252	319
319	297
297	280
280	342
342	320
320	273
273	209
209	211
211	338
338	146
146	254
254	122
122	326
326	315
315	256
256	251
251	86
86	296
296	106
106	97
97	262
262	191
191	284
284	303
303	315
315	209
209	287
287	263
263	313
313	293
293	318
318	247
247	246
246	325
325	110
110	222
222	169
169	230
230	301
301	313
313	187
187	224
224	266
266	236
236	277
277	284
284	192
192	244
244	110
110	335
335	213
213	174
174	239
239	158
158	255
255	218
218	405
405	334
334	85
85	286
286	160
160	239
239	267
267	307
307	237
237	364
364	223
223	279
279	302
302	262
262	317
317	278
278	202
202	132
132	384
384	215
215	263
263	295
295	264
264	194
194	224
224	248
248	358
358	197
197	310
310	277
277	240
240	184
184	237
237	250
250	155
155	269
269	200
200	250
250	279
279	194
194	236
236	280
280	130
130	327
327	422
422	322
322	234
234	286
286	185
185	385
385	321
321	310
310	196
196	278
278	218
218	235
235	217
217	186
186	194
194	242
242	140
140	298
298	248
248	304
304	275
275	290
290	154
154	186
186	225
225	264
264	334
334	236
236	343
343	289
289	337
337	265
265	211
211	155
155	267
267	312
312	236
236	219
219	235
235	181
181	222
222	244
244	259
259	252
252	298
298	264
264	381
381	278
278	380
380	207
207	292
292	238
238	297
297	297
297	106
106	165
165	157
157	284
284	357
357	234
234	312
312	294
294	184
184	283
283	205
205	360
360	254
254	368
368	227
227	297
297	252
252	117
117	189
189	298
298	252
252	179
179	213
213	273
273	188
188	323
323	212
212	380
380	182
182	270
270	152
152	206
206	215
215	284
284	321
321	277
277	231
231	312
312	311
311	264
264	295
295	284
284	188
188	308
308	211
211	215
215	268
268	235
235	247
247	297
297	328
328	243
243	279
279	240
240	272
272	286
286	214
214	275
275	297
297	262
262	375
375	214
214	206
206	136
136	319
319	316
316	251
251	318
318	269
269	276
276	264
264	286
286	263
263	447
447	176
176	129
129	178
178	181
181	226
226	245
245	241
241	293
293	283
283	308
308	378
378	340
340	168
168	96
96	318
318	130
130	261
261	259
259	409
409	251
251	221
221	272
272	273
273	261
261	214
214	172
172	278
278	164
164	185
185	347
347	227
227	246
246	318
318	236
236	327
327	232
232	326
326	299
299	242
242	197
197	185
185	238
238	226
226	228
228	324
324	236
236	335
335	220
220	323
323	220
220	268
268	323
323	228
228	226
226	393
393	321
321	226
226	301
301	231
231	305
305	353
353	146
146	327
327	356
356	259
259	376
376	267
267	171
171	106
106	233
233	305
305	278
278	284
284	217
217	266
266	144
144	204
204	200
200	292
292	255
255	177
177	255
255	209
209	210
210	315
315	264
264	283
283	317
317	268
268	294
294	303
303	336
336	289
289	353
353	258
258	253
253	373
373	221
221	256
256	319
319	266
266	352
352	327
327	276
276	203
203	295
295	161
161	273
273	312
312	271
271	316
316	396
396	319
319	274
274	300
300	285
285	166
166	228
228	340
340	253
253	296
296	187
187	261
261	297
297	163
163	280
280	244
244	192
192	254
254	126
126	110
110	175
175	188
188	176
176	138
138	276
276	147
147	264
264	310
310	256
256	263
263	230
230	154
154	253
253	322
322	375
375	227
227	145
145	268
268	282
282	241
241	177
177	395
395	94
94	221
221	165
165	212
212	278
278	266
266	207
207	309
309	299
299	301
301	227
227	328
328	301
301	428
428	329
329	335
335	260
260	168
168	231
231	204
204	217
217	294
294	218
218	195
195	228
228	245
245	284
284	191
191	278
278	261
261	347
347	241
241	247
247	176
176	161
161	277
277	239
239	291
291	195
195	387
387	264
264	328
328	241
241	245
245	303
303	294
294	179
179	151
151	181
181	159
159	260
260	228
228	231
231	163
163	310
310	286
286	250
250	326
326	196
196	285
285	280
280	280
280	206
206	279
279	221
221	195
195	174
174	327
327	198
198	244
244	173
173	236
236	34
34	182
182	158
158	187
187	241
241	234
234	389
389	217
217	239
239	149
149	223
223	164
164	258
258	315
315	284
284	208
208	144
144	356
356	397
397	264
264	188
188	338
338	215
215	224
224	317
317	161
161	122
122	285
285	284
284	263
263	290
290	330
330	323
323	217
217	312
312	268
268	221
221	174
174	300
300	232
232	259
259	202
202	150
150	268
268	252
252	338
338	311
311	328
328	205
205	192
192	169
169	290
290	447
447	306
306	203
203	313
313	179
179	158
158	305
305	203
203	278
278	353
353	284
284	320
320	146
146	301
301	403
403	293
293	150
150	242
242	222
222	282
282	284
284	284
284	231
231	215
215	216
216	315
315	129
129	242
242	275
275	211
211	289
289	251
251	192
192	267
267	238
238	228
228	207
207	260
260	130
130	229
229	219
219	194
194	301
301	206
206	293
293	323
323	245
245	275
275	300
300	251
251	293
293	170
170	332
332	188
188	131
131	351
351	252
252	287
287	231
231	186
186	45
45	299
299	236
236	243
243	284
284	159
159	206
206	335
335	297
297	168
168	105
105	217
217	271
271	321
321	263
263	179
179	277
277	176
176	190
190	211
211	172
172	238
238	194
194	237
237	224
224	228
228	222
222	341
341	298
298	260
260	156
156	145
145	121
121	435
435	323
323	274
274	189
189	178
178	294
294	363
363	140
140	225
225	250
250	120
120	314
314	228
228	387
387	229
229	284
284	178
178	213
213	176
176	283
283	345
345	215
215	286
286	222
222	263
263	338
338	264
264	185
185	197
197	244
244	243
243	197
197	269
269	343
343	239
239	242
242	105
105	203
203	161
161	230
230	292
292	361
361	379
379	248
248	234
234	312
312	290
290	309
309	309
309	155
155	293
293	250
250	204
204	209
209	344
344	201
201	171
171	271
271	394
394	258
258	277
277	192
192	371
371	265
265	292
292	191
191	315
315	283
283	177
177	259
259	225
225	264
264	239
239	243
243	185
185	234
234	309
309	376
376	177
177	419
419	361
361	268
268	235
235	208
208	313
313	208
208	224
224	317
317	286
286	318
318	291
291	229
229	221
221	311
311	210
210	337
337	310
310	276
276	256
256	281
281	498
498	248
248	149
149	387
387	298
298	212
212	436
436	294
294	276
276	203
203	183
183	135
135	227
227	184
184	301
301	234
234	377
377	360
360	267
267	237
237	335
335	177
177	302
302	210
210	229
229	210
210	296
296	203
203	183
183	294
294	227
227	281
281	232
232	275
275	80
80	288
288	383
383	327
327	319
319	240
240	269
269	273
273	263
263	199
199	232
232	244
244	223
223	314
314	430
430	165
165	265
265	157
157	345
345	353
353	142
142	389
389	182
182	272
272	331
331	266
266	414
414	445
445	266
266	125
125	231
231	198
198	204
204	179
179	261
261	401
401	207
207	237
237	336
336	339
339	289
289	326
326	316
316	230
230	286
286	236
236	194
194	300
300	261
261	243
243	276
276	324
324	283
283	269
269	275
275	260
260	203
203	310
310	353
353	219
219	388
388	244
244	239
239	195
195	202
202	191
191	280
280	366
366	292
292	315
315	348
348	85
85	245
245	280
280	305
305	167
167	187
187	310
310	248
248	294
294	190
190	144
144	308
308	338
338	368
368	151
151	164
164	155
155	253
253	214
214	346
346	156
156	137
137	270
270	338
338	201
201	169
169	246
246	144
144	257
257	313
313	271
271	125
125	219
219	235
235	380
380	319
319	252
252	346
346	184
184	232
232	353
353	359
359	306
306	290
290	216
216	307
307	199
199	296
296	275
275	334
334	227
227	300
300	311
311	195
195	267
267	366
366	264
264	235
235	287
287	237
237	287
287	247
247	255
255	288
288	350
350	287
287	369
369	117
117	225
225	272
272	199
199	169
169	298
298	298
298	276
276	283
283	196
196	222
222	249
249	209
209	279
279	418
418	223
223	301
301	185
185	348
348	190
190	270
270	214
214	291
291	257
257	253
253	458
458	213
213	253
253	440
440	177
177	294
294	182
182	327
327	279
279	301
301	237
237	273
273	357
357	100
100	144
144	285
285	211
211	236
236	153
153	194
194	228
228	206
206	197
197	227
227	191
191	348
348	188
188	381
381	230
230	157
157	214
214	320
320	329
329	267
267	276
276	300
300	156
156	216
216	131
131	225
225	321
321	305
305	413
413	268
268	108
108	372
372	344
344	216
216	271
271	310
310	282
282	304
304	248
248	253
253	262
262	202
202	354
354	257
257	303
303	197
197	182
182	250
250	239
239	338
338	298
298	293
293	157
157	190
190	270
270	232
232	345
345	348
348	216
216	316
316	352
352	278
278	367
367	329
329	271
271	316
316	269
269	228
228	281
281	259
259	231
231	378
378	271
271	443
443	236
236	295
295	365
365	443
443	277
277	202
202	311
311	166
166	237
237	275
275	358
358	355
355	254
254	319
319	234
234	301
301	387
387	267
267	236
236	222
222	305
305	348
348	402
402	260
260	267
267	213
213	367
367	251
251	224
224	406
406	312
312	305
305	187
187	286
286	292
292	181
181	241
241	228
228	292
292	187
187	331
331	379
379	235
235	256
256	291
291	339
339	292
292	283
283	223
223	240
240	298
298	372
372	295
295	173
173	286
286	250
250	239
239	241
241	196
196	234
234	202
202	231
231	264
264	268
268	241
241	246
246	258
258	288
288	344
344	299
299	236
236	297
297	239
239	134
134	95
95	139
139	240
240	214
214	207
207	259
259	211
211	213
213	298
298	310
310	423
423	277
277	260
260	217
217	243
243	253
253	136
136	238
238	308
308	217
217	290
290	324
324	330
330	309
309	101
101	217
217	318
318	283
283	256
256	286
286	334
334	267
267	204
204	244
244	242
242	318
318	284
284	294
294	266
266	231
231	260
260	271
271	160
160	268
268	320
320	249
249	364
364	295
295	227
227	246
246	237
237	273
273	308
308	236
236	288
288	376
376	320
320	313
313	200
200	219
219	273
273	249
249	145
145	152
152	326
326	204
204	399
399	104
104	287
287	256
256	204
204	284
284	202
202	315
315	261
261	144
144	90
90	237
237	335
335	269
269	260
260	303
303	161
161	354
354	195
195	259
259	231
231	266
266	123
123	361
361	294
294	394
394	353
353	257
257	192
192	137
137	257
257	271
271	328
328	191
191	311
311	261
261	203
203	309
309	274
274	240
240	385
385	298
298	249
249	275
275	262
262	268
268	287
287	215
215	201
201	281
281	385
385	235
235	187
187	240
240	223
223	234
234	289
289	247
247	215
215	226
226	165
165	197
197	159
159	221
221	182
182	208
208	235
235	174
174	255
255	279
279	190
190	333
333	147
147	229
229	154
154	232
232	165
165	217
217	205
205	175
175	115
115	295
295	393
393	409
409	222
222	253
253	224
224	261
261	193
193	124
124	254
254	172
172	126
126	419
419	240
240	284
284	338
338	141
141	284
284	291
291	262
262	267
267	220
220	306
306	198
198	202
202	306
306	372
372	230
230	221
221	284
284	330
330	322
322	275
275	213
213	299
299	251
251	351
351	160
160	266
266	345
345	222
222	213
213	192
192	237
237	242
242	265
265	196
196	262
262	215
215	231
231	199
199	237
237	501
501	490
490	335
335	310
310	168
168	216
216	214
214	293
293	289
289	264
264	233
233	193
193	256
256	334
334	285
285	269
269	301
301	296
296	145
145	257
257	227
227	117
117	165
165	234
234	313
313	240
240	274
274	195
195	108
108	263
263	191
191	337
337	375
375	231
231	338
338	322
322	159
159	254
254	274
274	292
292	303
303	302
302	303
303	235
235	282
282	102
102	176
176	339
339	211
211	279
279	360
360	195
195	190
190	222
222	286
286	242
242	189
189	148
148	231
231	241
241	219
219	238
238	181
181	294
294	107
107	266
266	302
302	198
198	252
252	276
276	214
214	255
255	284
284	192
192	313
313	331
331	278
278	257
257	176
176	290
290	173
173	365
365	292
292	274
274	229
229	107
107	174
174	281
281	422
422	307
307	277
277	219
219	265
265	322
322	239
239	386
386	172
172	230
230	260
260	122
122	295
295	261
261	262
262	311
311	328
328	311
311	224
224	253
253	280
280	170
170	185
185	227
227	261
261	379
379	311
311	226
226	213
213	361
361	444
444	268
268	223
223	159
159	323
323	276
276	336
336	194
194	273
273	211
211	344
344	218
218	250
250	232
232	324
324	285
285	187
187	213
213	184
184	291
291	279
279	144
144	125
125	253
253	304
304	268
268	150
150	150
150	316
316	246
246	230
230	346
346	201
201	265
265	285
285	312
312	198
198	281
281	445
445	152
152	286
286	240
240	199
199	199
199	290
290	415
415	202
202	293
293	218
218	392
392	293
293	247
247	299
299	256
256	332
332	243
243	179
179	273
273	363
363	174
174	239
239	325
325	124
124	299
299	308
308	271
271	203
203	256
256	263
263	320
320	302
302	232
232	367
367	253
253	200
200	226
226	315
315	270
270	317
317	261
261	427
427	142
142	228
228	250
250	262
262	356
356	271
271	248
248	261
261	308
308	209
209	287
287	149
149	251
251	192
192	211
211	275
275	179
179	188
188	152
152	103
103	246
246	336
336	244
244	240
240	184
184	365
365	239
239	345
345	281
281	238
238	330
330	323
323	248
248	345
345	378
378	252
252	239
239	284
284	280
280	311
311	239
239	305
305	328
328	268
268	267
267	170
170	176
176	156
156	171
171	245
245	145
145	410
410	307
307	114
114	177
177	249
249	139
139	225
225	331
331	245
245	252
252	187
187	218
218	163
163	281
281	225
225	310
310	341
341	330
330	254
254	222
222	172
172	264
264	322
322	233
233	244
244	298
298	315
315	159
159	270
270	270
270	246
246	317
317	231
231	199
199	275
275	288
288	241
241	311
311	152
152	182
182	45
45	292
292	188
188	239
239	325
325	260
260	226
226	198
198	240
240	297
297	152
152	251
251	310
310	159
159	302
302	303
303	196
196	153
153	286
286	312
312	296
296	308
308	175
175	296
296	216
216	218
218	149
149	332
332	268
268	325
325	360
360	178
178	300
300	255
255	319
319	332
332	312
312	200
200	247
247	274
274	473
473	340
340	415
415	285
285	271
271	298
298	220
220	341
341	245
245	162
162	316
316	149
149	130
130	276
276	191
191	194
194	245
245	223
223	241
241	275
275	176
176	172
172	112
112	229
229	302
302	208
208	290
290	293
293	324
324	324
324	209
209	197
197	259
259	211
211	356
356	351
351	263
263	227
227	291
291	211
211	248
248	220
220	263
263	333
333	307
307	335
335	193
193	268
268	189
189	283
283	278
278	345
345	331
331	301
301	221
221	223
223	115
115	225
225	150
150	320
320	318
318	266
266	230
230	266
266	366
366	349
349	225
225	268
268	179
179	284
284	307
307	318
318	151
151	291
291	197
197	230
230	310
310	277
277	245
245	298
298	368
368	213
213	164
164	176
176	191
191	210
210	296
296	113
113	272
272	203
203	332
332	197
197	257
257	192
192	209
209	238
238	240
240	220
220	333
333	294
294	383
383	237
237	329
329	112
112	300
300	282
282	230
230	304
304	316
316	327
327	285
285	297
297	210
210	181
181	238
238	269
269	321
321	202
202	223
223	460
460	213
213	388
388	322
322	218
218	249
249	241
241	289
289	350
350	144
144	395
395	309
309	218
218	247
247	277
277	276
276	338
338	331
331	232
232	247
247	306
306	264
264	334
334	209
209	288
288	276
276	352
352	164
164	256
256	260
260	96
96	342
342	449
449	240
240	276
276	224
224	282
282	230
230	249
249	367
367	198
198	217
217	251
251	247
247	355
355	395
395	189
189	212
212	292
292	230
230	393
393	368
368	294
294	295
295	233
233	308
308	333
333	266
266	388
388	302
302	249
249	282
282	331
331	229
229	250
250	419
419	224
224	321
321	312
312	365
365	292
292	87
87	198
198	291
291	274
274	391
391	353
353	290
290	262
262	150
150	384
384	265
265	150
150	286
286	263
263	217
217	290
290	208
208	164
164	136
136	231
231	213
213	286
286	153
153	242
242	153
153	380
380	248
248	340
340	290
290	318
318	177
177	342
342	356
356	114
114	244
244	211
211	267
267	198
198	275
275	297
297	273
273	248
248	168
168	260
260	220
220	168
168	252
252	242
242	269
269	324
324	296
296	346
346	206
206	197
197	250
250	351
351	346
346	247
247	215
215	152
152	302
302	258
258	175
175	233
233	131
131	286
286	244
244	368
368	163
163	323
323	266
266	262
262	305
305	338
338	183
183	347
347	173
173	182
182	210
210	307
307	183
183	279
279	284
284	267
267	294
294	176
176	325
325	264
264	306
306	189
189	260
260	316
316	326
326	250
250	129
129	181
181	271
271	311
311	288
288	214
214	410
410	261
261	315
315	228
228	180
180	303
303	327
327	381
381	220
220	144
144	367
367	274
274	179
179	218
218	201
201	336
336	297
297	273
273	273
273	200
200	324
324	280
280	238
238	243
243	249
249	195
195	307
307	352
352	426
426	291
291	200
200	270
270	187
187	214
214	211
211	199
199	282
282	180
180	302
302	311
311	327
327	255
255	299
299	380
380	260
260	244
244	378
378	84
84	225
225	423
423	224
224	218
218	172
172	310
310	111
111	201
201	295
295	256
256	299
299	265
265	303
303	168
168	271
271	149
149	310
310	235
235	301
301	219
219	279
279	328
328	120
120	128
128	130
130	314
314	284
284	208
208	359
359	266
266	147
147	186
186	161
161	322
322	215
215	176
176	217
217	199
199	315
315	289
289	277
277	285
285	259
259	191
191	293
293	200
200	183
183	182
182	316
316	323
323	136
136	246
246	273
273	214
214	308
308	274
274	246
246	218
218	303
303	314
314	288
288	240
240	319
319	194
194	266
266	352
352	243
243	198
198	389
389	239
239	286
286	201
201	276
276	288
288	256
256	278
278	339
339	160
160	270
270	120
120	258
258	388
388	321
321	256
256	233
233	292
292	329
329	257
257	367
367	200
200	119
119	205
205	242
242	231
231	198
198	348
348	145
145	222
222	190
190	224
224	210
210	289
289	185
185	200
200	263
263	330
330	129
129	380
380	196
196	301
301	328
328	347
347	221
221	258
258	245
245	215
215	275
275	281
281	232
232	265
265	439
439	256
256	305
305	224
224	220
220	232
232	295
295	201
201	129
129	260
260	226
226	275
275	262
262	306
306	318
318	165
165	152
152	291
291	277
277	192
192	341
341	258
258	265
265	275
275	308
308	361
361	238
238	137
137	326
326	192
192	341
341	216
216	358
358	201
201	180
180	322
322	163
163	303
303	286
286	246
246	233
233	397
397	230
230	243
243	192
192	200
200	216
216	373
373	229
229	209
209	225
225	305
305	166
166	299
299	165
165	247
247	131
131	293
293	304
304	209
209	278
278	267
267	336
336	265
265	327
327	248
248	212
212	254
254	242
242	317
317	252
252	198
198	245
245	338
338	228
228	211
211	324
324	263
263	231
231	205
205	155
155	267
267	234
234	278
278	156
156	347
347	290
290	149
149	329
329	216
216	277
277	271
271	196
196	60
60	293
293	233
233	215
215	285
285	209
209	302
302	266
266	188
188	314
314	289
289	342
342	195
195	195
195	278
278	302
302	313
313	257
257	240
240	301
301	391
391	317
317	262
262	217
217	290
290	223
223	272
272	309
309	319
319	296
296	351
351	383
383	126
126	134
134	193
193	119
119	232
232	233
233	273
273	276
276	209
209	200
200	311
311	230
230	162
162	257
257	270
270	228
228	302
302	272
272	242
242	253
253	288
288	226
226	184
184	245
245	265
265	291
291	254
254	225
225	297
297	248
248	311
311	250
250	256
256	250
250	193
193	193
193	190
190	379
379	242
242	321
321	280
280	384
384	320
320	172
172	234
234	317
317	276
276	411
411	253
253	150
150	287
287	194
194	260
260	330
330	277
277	277
277	243
243	246
246	249
249	64
64	283
283	324
324	167
167	152
152	299
299	153
153	141
141	310
310	211
211	341
341	168
168	214
214	273
273	294
294	288
288	269
269	240
240	216
216	289
289	230
230	285
285	331
331	102
102	380
380	213
213	346
346	363
363	155
155	268
268	494
494	241
241	289
289	279
279	343
343	331
331	191
191	226
226	280
280	252
252	430
430	286
286	286
286	199
199	166
166	311
311	243
243	301
301	199
199	318
318	132
132	364
364	314
314	264
264	176
176	229
229	274
274	339
339	185
185	345
345	446
446	222
222	288
288	211
211	138
138	357
357	304
304	221
221	264
264	240
240	156
156	58
58	253
253	224
224	217
217	198
198	132
132	220
220	267
267	183
183	287
287	237
237	249
249	158
158	204
204	284
284	202
202	267
267	392
392	311
311	327
327	418
418	337
337	283
283	390
390	194
194	209
209	395
395	287
287	253
253	288
288	238
238	236
236	230
230	218
218	191
191	252
252	217
217	355
355	272
272	326
326	247
247	251
251	342
342	357
357	258
258	372
372	289
289	281
281	406
406	361
361	318
318	284
284	219
219	248
248	381
381	117
117	212
212	243
243	266
266	134
134	292
292	306
306	192
192	238
238	173
173	368
368	282
282	239
239	193
193	263
263	372
372	275
275	280
280	174
174	268
268	309
309	161
161	333
333	425
425	149
149	114
114	251
251	308
308	251
251	245
245	257
257	183
183	143
143	365
365	276
276	175
175	330
330	167
167	248
248	307
307	198
198	232
232	258
258	390
390	288
288	229
229	241
241	237
237	346
346	237
237	202
202	273
273	250
250	311
311	322
322	331
331	300
300	299
299	387
387	177
177	232
232	140
140	319
319	258
258	236
236	138
138	269
269	238
238	163
163	177
177	204
204	239
239	143
143	244
244	298
298	230
230	208
208	277
277	332
332	225
225	224
224	158
158	189
189	298
298	248
248	309
309	302
302	282
282	309
309	361
361	296
296	285
285	253
253	171
171	221
221	278
278	180
180	288
288	278
278	263
263	277
277	258
258	255
255	256
256	320
320	250
250	75
75	223
223	270
270	322
322	351
351	192
192	308
308	272
272	242
242	258
258	254
254	266
266	272
272	210
210	184
184	322
322	241
241	353
353	193
193	215
215	354
354	353
353	186
186	270
270	348
348	348
348	168
168	367
367	301
301	272
272	241
241	190
190	263
263	239
239	415
415	269
269	244
244	255
255	214
214	398
398	300
300	261
261	333
333	254
254	249
249	218
218	214
214	366
366	309
309	262
262	373
373	258
258	276
276	159
159	289
289	157
157	188
188	321
321	280
280	196
196	229
229	274
274	271
271	139
139	173
173	135
135	251
251	138
138	304
304	187
187	180
180	379
379	404
404	200
200	254
254	391
391	219
219	374
374	312
312	260
260	232
232	372
372	305
305	213
213	283
283	196
196	266
266	361
361	293
293	204
204	280
280	208
208	395
395	133
133	211
211	309
309	200
200	257
257	301
301	342
342	193
193	244
244	224
224	248
248	281
281	214
214	311
311	285
285	224
224	275
275	324
324	324
324	302
302	252
252	214
214	271
271	224
224	233
233	320
320	355
355	297
297	397
397	151
151	258
258	263
263	367
367	290
290	234
234	294
294	300
300	269
269	117
117	326
326	17
17	264
264	150
150	232
232	352
352	221
221	388
388	309
309	239
239	194
194	222
222	282
282	94
94	298
298	275
275	312
312	397
397	234
234	189
189	337
337	317
317	246
246	215
215	273
273	179
179	261
261	212
212	200
200	322
322	258
258	349
349	182
182	273
273	184
184	299
299	346
346	326
326	111
111	303
303	257
257	279
279	219
219	143
143	317
317	221
221	234
234	268
268	430
430	413
413	166
166	224
224	324
324	114
114	341
341	234
234	352
352	196
196	193
193	415
415	296
296	235
235	185
185	332
332	280
280	101
101	194
194	460
460	255
255	119
119	195
195	227
227	304
304	245
245	263
263	255
255	190
190	337
337	231
231	224
224	269
269	252
252	220
220	265
265	401
401	293
293	211
211	196
196	240
240	148
148	381
381	270
270	176
176	264
264	157
157	296
296	244
244	259
259	281
281	315
315	201
201	156
156	249
249	200
200	285
285	129
129	315
315	277
277	180
180	234
234	314
314	423
423	232
232	351
351	197
197	270
270	242
242	279
279	222
222	159
159	238
238	286
286	221
221	243
243	284
284	293
293	206
206	238
238	316
316	279
279	164
164	362
362	214
214	208
208	158
158	249
249	249
249	234
234	199
199	142
142	463
463	359
359	231
231	248
248	281
281	255
255	217
217	320
320	178
178	390
390	135
135	234
234	316
316	264
264	153
153	319
319	267
267	200
200	284
284	308
308	406
406	250
250	236
236	221
221	124
124	292
292	115
115	238
238	237
237	314
314	66
66	319
319	221
221	167
167	256
256	272
272	227
227	155
155	339
339	270
270	208
208	340
340	281
281	169
169	299
299	133
133	184
184	267
267	284
284	261
261	124
124	312
312	343
343	336
336	217
217	229
229	186
186	273
273	273
273	203
203	319
319	315
315	301
301	204
204	164
164	301
301	355
355	168
168	105
105	355
355	252
252	337
337	324
324	173
173	227
227	199
199	268
268	336
336	260
260	112
112	341
341	256
256	225
225	112
112	282
282	273
273	279
279	182
182	206
206	193
193	379
379	200
200	243
243	195
195	319
319	255
255	261
261	321
321	302
302	310
310	110
110	271
271	322
322	280
280	318
318	402
402	342
342	179
179	199
199	248
248	212
212	251
251	340
340	220
220	236
236	241
241	302
302	327
327	246
246	234
234	320
320	306
306	290
290	480
480	258
258	280
280	250
250	298
298	220
220	325
325	382
382	262
262	251
251	217
217	224
224	139
139	252
252	196
196	342
342	267
267	260
260	352
352	134
134	279
279	184
184	212
212	274
274	317
317	199
199	294
294	356
356	197
197	188
188	255
255	299
299	256
256	200
200	264
264	270
270	226
226	179
179	286
286	257
257	231
231	213
213	222
222	197
197	185
185	343
343	240
240	138
138	223
223	329
329	219
219	378
378	203
203	204
204	185
185	336
336	216
216	285
285	143
143	217
217	301
301	168
168	260
260	294
294	378
378	300
300	321
321	232
232	216
216	260
260	195
195	333
333	309
309	322
322	343
343	249
249	217
217	292
292	335
335	315
315	321
321	359
359	276
276	339
339	255
255	310
310	160
160	362
362	134
134	270
270	232
232	177
177	279
279	279
279	353
353	266
266	296
296	273
273	357
357	334
334	257
257	265
265	378
378	240
240	315
315	196
196	204
204	315
315	301
301	329
329	213
213	326
326	268
268	253
253	372
372	355
355	102
102	281
281	198
198	236
236	213
213	368
368	341
341	294
294	304
304	288
288	303
303	273
273	244
244	291
291	235
235	229
229	238
238	250
250	257
257	430
430	172
172	183
183	273
273	253
253	206
206	279
279	308
308	177
177	228
228	168
168	262
262	267
267	303
303	182
182	277
277	246
246	352
352	277
277	219
219	240
240	219
219	355
355	221
221	146
146	242
242	335
335	302
302	267
267	379
379	216
216	274
274	196
196	202
202	233
233	301
301	397
397	311
311	183
183	242
242	218
218	236
236	337
337	282
282	324
324	297
297	202
202	320
320	164
164	311
311	297
297	332
332	159
159	242
242	257
257	263
263	316
316	304
304	301
301	268
268	371
371	234
234	263
263	217
217	252
252	306
306	172
172	269
269	206
206	310
310	121
121	122
122	367
367	246
246	121
121	140
140	250
250	277
277	279
279	329
329	279
279	251
251	328
328	397
397	258
258	240
240	327
327	221
221	154
154	249
249	273
273	266
266	179
179	215
215	210
210	322
322	247
247	301
301	297
297	243
243	120
120	281
281	304
304	205
205	255
255	226
226	373
373	254
254	270
270	184
184	206
206	163
163	306
306	298
298	199
199	454
454	319
319	284
284	388
388	88
88	250
250	254
254	270
270	185
185	292
292	104
104	263
263	286
286	253
253	281
281	204
204	294
294	230
230	142
142	235
235	214
214	186
186	291
291	259
259	239
239	219
219	371
371	337
337	243
243	262
262	360
360	379
379	332
332	234
234	216
216	308
308	197
197	183
183	232
232	322
322	267
267	273
273	333
333	272
272	178
178	314
314	289
289	250
250	228
228	219
219	254
254	201
201	221
221	154
154	221
221	209
209	296
296	356
356	327
327	328
328	302
302	294
294	308
308	206
206	313
313	174
174	299
299	199
199	190
190	225
225	167
167	257
257	332
332	239
239	290
290	267
267	339
339	245
245	276
276	425
425	335
335	192
192	333
333	193
193	257
257	276
276	316
316	229
229	293
293	377
377	125
125	182
182	338
338	236
236	253
253	319
319	409
409	167
167	194
194	251
251	256
256	263
263	235
235	340
340	194
194	270
270	324
324	282
282	213
213	264
264	234
234	215
215	349
349	243
243	216
216	204
204	264
264	154
154	143
143	269
269	168
168	229
229	309
309	319
319	362
362	187
187	315
315	278
278	342
342	271
271	312
312	334
334	228
228	224
224	165
165	250
250	280
280	205
205	261
261	232
232	227
227	310
310	312
312	335
335	182
182	247
247	301
301	167
167	388
388	272
272	219
219	327
327	282
282	264
264	209
209	135
135	190
190	212
212	287
287	298
298	202
202	313
313	302
302	248
248	191
191	317
317	247
247	187
187	273
273	292
292	156
156	384
384	109
109	144
144	340
340	278
278	227
227	257
257	306
306	197
197	320
320	304
304	253
253	269
269	213
213	197
197	229
229	327
327	240
240	225
225	189
189	178
178	258
258	327
327	341
341	295
295	235
235	231
231	281
281	320
320	323
323	111
111	253
253	190
190	224
224	375
375	203
203	141
141	268
268	248
248	228
228	316
316	295
295	282
282	237
237	280
280	236
236	269
269	296
296	279
279	210
210	219
219	185
185	325
325	254
254	211
211	303
303	221
221	287
287	360
360	320
320	245
245	248
248	389
389	244
244	277
277	278
278	320
320	271
271	281
281	278
278	441
441	316
316	196
196	173
173	145
145	382
382	200
200	324
324	293
293	151
151	395
395	294
294	381
381	280
280	268
268	186
186	259
259	266
266	152
152	255
255	267
267	207
207	284
284	173
173	217
217	263
263	215
215	285
285	231
231	196
196	320
320	297
297	295
295	303
303	325
325	324
324	258
258	225
225	249
249	341
341	174
174	217
217	328
328	314
314	222
222	242
242	245
245	237
237	89
89	227
227	277
277	424
424	156
156	213
213	230
230	192
192	210
210	124
124	248
248	221
221	293
293	260
260	329
329	367
367	264
264	171
171	273
273	352
352	250
250	283
283	190
190	360
360	284
284	227
227	141
141	209
209	186
186	222
222	280
280	313
313	267
267	262
262	282
282	438
438	279
279	266
266	364
364	262
262	210
210	320
320	232
232	270
270	316
316	312
312	146
146	94
94	208
208	369
369	272
272	246
246	245
245	327
327	279
279	289
289	113
113	244
244	257
257	197
197	255
255	215
215	316
316	217
217	346
346	253
253	318
318	413
413	261
261	359
359	183
183	381
381	173
173	252
252	234
234	177
177	166
166	300
300	161
161	164
164	334
334	256
256	282
282	194
194	243
243	277
277	268
268	379
379	213
213	246
246	313
313	321
321	121
121	229
229	210
210	255
255	291
291	287
287	334
334	287
287	278
278	321
321	286
286	165
165	264
264	143
143	332
332	112
112	218
218	263
263	253
253	385
385	260
260	214
214	296
296	173
173	294
294	273
273	229
229	213
213	174
174	127
127	227
227	309
309	207
207	365
365	195
195	403
403	209
209	263
263	355
355	341
341	204
204	307
307	180
180	139
139	301
301	138
138	109
109	252
252	351
351	340
340	154
154	259
259	311
311	323
323	363
363	365
365	315
315	158
158	259
259	161
161	341
341	376
376	119
119	313
313	233
233	223
223	195
195	343
343	282
282	248
248	285
285	326
326	196
196	202
202	303
303	365
365	342
342	248
248	165
165	95
95	193
193	334
334	218
218	276
276	271
271	105
105	342
342	395
395	253
253	325
325	204
204	297
297	402
402	346
346	208
208	186
186	260
260	240
240	252
252	343
343	271
271	370
370	253
253	247
247	311
311	285
285	242
242	147
147	180
180	298
298	293
293	155
155	264
264	292
292	176
176	188
188	338
338	136
136	287
287	323
323	133
133	247
247	176
176	262
262	227
227	143
143	298
298	297
297	214
214	292
292	164
164	171
171	177
177	249
249	220
220	387
387	251
251	295
295	295
295	282
282	269
269	341
341	176
176	368
368	303
303	177
177	332
332	337
337	373
373	227
227	369
369	274
274	156
156	203
203	320
320	379
379	175
175	248
248	211
211	385
385	195
195	347
347	213
213	309
309	165
165	359
359	105
105	278
278	285
285	200
200	190
190	298
298	185
185	254
254	63
63	113
113	253
253	333
333	143
143	303
303	290
290	216
216	254
254	406
406	160
160	289
289	270
270	278
278	256
256	275
275	239
239	140
140	216
216	272
272	274
274	298
298	408
408	143
143	303
303	265
265	254
254	209
209	247
247	303
303	285
285	146
146	318
318	273
273	386
386	180
180	207
207	136
136	256
256	324
324	223
223	221
221	236
236	245
245	326
326	257
257	223
223	300
300	163
163	297
297	242
242	403
403	212
212	285
285	264
264	182
182	316
316	103
103	123
123	166
166	346
346	324
324	170
170	244
244	205
205	272
272	400
400	196
196	390
390	224
224	211
211	298
298	305
305	275
275	155
155	209
209	197
197	221
221	202
202	285
285	325
325	239
239	294
294	308
308	265
265	237
237	219
219	176
176	237
237	267
267	243
243	271
271	259
259	302
302	213
213	248
248	273
273	230
230	275
275	134
134	288
288	288
288	256
256	232
232	226
226	139
139	331
331	300
300	182
182	155
155	230
230	303
303	313
313	293
293	309
309	376
376	139
139	288
288	252
252	205
205	305
305	256
256	338
338	185
185	198
198	286
286	195
195	264
264	229
229	331
331	286
286	228
228	212
212	228
228	420
420	253
253	242
242	243
243	360
360	137
137	332
332	207
207	237
237	303
303	192
192	285
285	251
251	160
160	269
269	296
296	300
300	217
217	255
255	299
299	293
293	229
229	169
169	275
275	278
278	359
359	150
150	232
232	286
286	249
249	395
395	231
231	94
94	306
306	160
160	346
346	284
284	233
233	189
189	383
383	277
277	223
223	208
208	244
244	342
342	387
387	258
258	285
285	278
278	143
143	266
266	222
222	227
227	246
246	58
58	206
206	308
308	264
264	221
221	233
233	182
182	208
208	216
216	243
243	296
296	255
255	251
251	199
199	323
323	272
272	295
295	271
271	312
312	360
360	227
227	293
293	303
303	256
256	387
387	189
189	223
223	261
261	258
258	241
241	223
223	313
313	252
252	201
201	374
374	319
319	358
358	254
254	387
387	319
319	132
132	169
169	296
296	248
248	246
246	330
330	373
373	283
283	265
265	410
410	255
255	225
225	215
215	206
206	262
262	197
197	129
129	168
168	286
286	331
331	339
339	415
415	182
182	350
350	262
262	224
224	227
227	317
317	301
301	132
132	326
326	313
313	240
240	189
189	203
203	171
171	253
253	229
229	235
235	271
271	236
236	140
140	215
215	220
220	138
138	317
317	108
108	285
285	236
236	231
231	301
301	235
235	241
241	196
196	333
333	324
324	303
303	293
293	306
306	304
304	283
283	299
299	207
207	258
258	294
294	206
206	256
256	243
243	341
341	289
289	331
331	299
299	325
325	250
250	264
264	213
213	283
283	467
467	263
263	253
253	315
315	149
149	333
333	198
198	295
295	275
275	252
252	207
207	285
285	333
333	303
303	352
352	161
161	257
257	164
164	264
264	293
293	203
203	344
344	224
224	299
299	232
232	204
204	206
206	157
157	360
360	88
88	168
168	120
120	164
164	65
65	297
297	259
259	185
185	167
167	166
166	237
237	117
117	284
284	250
250	233
233	301
301	280
280	232
232	258
258	247
247	213
213	332
332	339
339	261
261	186
186	176
176	273
273	238
238	200
200	265
265	175
175	279
279	147
147	88
88	242
242	189
189	361
361	350
350	214
214	190
190	241
241	234
234	351
351	232
232	339
339	341
341	429
429	230
230	224
224	371
371	205
205	132
132	262
262	290
290	231
231	232
232	163
163	374
374	270
270	219
219	284
284	313
313	184
184	272
272	223
223	369
369	267
267	179
179	248
248	287
287	400
400	259
259	295
295	338
338	291
291	196
196	245
245	211
211	305
305	362
362	255
255	328
328	208
208	267
267	244
244	368
368	276
276	309
309	233
233	213
213	283
283	200
200	163
163	235
235	366
366	229
229	271
271	215
215	116
116	256
256	372
372	233
233	177
177	188
188	281
281	227
227	324
324	237
237	113
113	226
226	305
305	327
327	344
344	325
325	330
330	386
386	361
361	268
268	223
223	237
237	304
304	339
339	239
239	360
360	206
206	224
224	230
230	211
211	316
316	243
243	383
383	256
256	384
384	89
89	281
281	276
276	389
389	274
274	378
378	386
386	214
214	174
174	315
315	200
200	245
245	217
217	263
263	297
297	305
305	265
265	191
191	198
198	276
276	106
106	176
176	149
149	234
234	289
289	418
418	256
256	183
183	225
225	288
288	326
326	225
225	256
256	337
337	271
271	262
262	233
233	230
230	329
329	220
220	253
253	185
185	298
298	273
273	286
286	254
254	205
205	250
250	168
168	233
233	414
414	371
371	316
316	286
286	313
313	283
283	320
320	339
339	186
186	243
243	254
254	218
218	188
188	343
343	302
302	194
194	184
184	285
285	209
209	174
174	239
239	198
198	314
314	414
414	139
139	314
314	285
285	198
198	322
322	195
195	127
127	179
179	296
296	284
284	325
325	290
290	343
343	119
119	235
235	231
231	252
252	329
329	210
210	273
273	125
125	193
193	321
321	137
137	353
353	223
223	292
292	175
175	308
308	256
256	342
342	219
219	206
206	204
204	392
392	234
234	146
146	321
321	258
258	232
232	292
292	317
317	212
212	264
264	235
235	216
216	289
289	306
306	162
162	332
332	266
266	240
240	147
147	238
238	251
251	263
263	226
226	320
320	364
364	341
341	240
240	279
279	284
284	213
213	255
255	216
216	261
261	367
367	243
243	206
206	351
351	316
316	220
220	206
206	353
353	258
258	269
269	280
280	213
213	331
331	417
417	86
86	270
270	321
321	202
202	262
262	268
268	215
215	305
305	339
339	271
271	281
281	219
219	333
333	250
250	286
286	337
337	236
236	243
243	262
262	241
241	169
169	289
289	157
157	235
235	160
160	345
345	262
262	289
289	238
238	365
365	228
228	335
335	335
335	220
220	286
286	265
265	401
401	188
188	147
147	277
277	190
190	216
216	279
279	167
167	330
330	285
285	354
354	235
235	319
319	179
179	273
273	333
333	212
212	262
262	368
368	202
202	180
180	320
320	255
255	181
181	195
195	280
280	273
273	232
232	272
272	295
295	206
206	234
234	206
206	348
348	168
168	367
367	217
217	256
256	322
322	307
307	233
233	317
317	175
175	351
351	336
336	257
257	284
284	323
323	234
234	294
294	303
303	282
282	159
159	233
233	121
121	230
230	202
202	250
250	282
282	313
313	246
246	259
259	326
326	345
345	271
271	315
315	206
206	365
365	211
211	203
203	293
293	252
252	147
147	330
330	304
304	369
369	276
276	304
304	177
177	384
384	419
419	230
230	208
208	325
325	178
178	267
267	247
247	313
313	121
121	265
265	274
274	135
135	245
245	299
299	169
169	236
236	270
270	220
220	364
364	309
309	216
216	279
279	334
334	273
273	294
294	300
300	307
307	165
165	210
210	232
232	147
147	160
160	281
281	281
281	320
320	281
281	204
204	255
255	207
207	316
316	153
153	315
315	290
290	309
309	216
216	270
270	253
253	153
153	289
289	286
286	205
205	341
341	135
135	228
228	229
229	207
207	211
211	289
289	196
196	261
261	227
227	247
247	389
389	219
219	317
317	259
259	258
258	126
126	326
326	267
267	226
226	259
259	249
249	382
382	180
180	218
218	274
274	383
383	274
274	332
332	308
308	305
305	344
344	413
413	266
266	236
236	269
269	235
235	98
98	248
248	268
268	231
231	241
241	341
341	262
262	254
254	211
211	218
218	249
249	265
265	283
283	368
368	349
349	174
174	377
377	189
189	432
432	270
270	226
226	118
118	229
229	362
362	228
228	225
225	166
166	176
176	216
216	281
281	115
115	302
302	223
223	311
311	256
256	226
226	291
291	291
291	395
395	167
167	208
208	172
172	217
217	221
221	226
226	224
224	221
221	240
240	285
285	332
332	231
231	381
381	316
316	340
340	189
189	131
131	279
279	280
280	140
140	154
154	280
280	327
327	349
349	193
193	298
298	298
298	254
254	184
184	180
180	307
307	141
141	236
236	266
266	331
331	231
231	161
161	280
280	207
207	378
378	197
197	268
268	396
396	328
328	255
255	289
289	421
421	352
352	165
165	269
269	329
329	151
151	276
276	251
251	276
276	201
201	131
131	183
183	385
385	247
247	191
191	357
357	319
319	197
197	330
330	332
332	203
203	293
293	231
231	342
342	170
170	228
228	312
312	251
251	296
296	375
375	227
227	181
181	363
363	226
226	278
278	216
216	149
149	191
191	346
346	228
228	246
246	277
277	337
337	267
267	238
238	198
198	296
296	113
113	176
176	307
307	287
287	169
169	293
293	288
288	175
175	251
251	366
366	222
222	164
164	267
267	218
218	232
232	284
284	252
252	230
230	185
185	200
200	186
186	215
215	377
377	266
266	218
218	247
247	273
273	275
275	278
278	331
331	233
233	280
280	214
214	129
129	217
217	353
353	232
232	326
326	297
297	215
215	387
387	316
316	318
318	194
194	212
212	300
300	338
338	254
254	374
374	247
247	305
305	256
256	331
331	234
234	254
254	153
153	277
277	262
262	292
292	279
279	210
210	302
302	435
435	212
212	320
320	216
216	194
194	179
179	296
296	258
258	316
316	243
243	176
176	243
243	251
251	298
298	173
173	130
130	288
288	203
203	222
222	294
294	257
257	267
267	337
337	329
329	256
256	220
220	174
174	278
278	415
415	328
328	272
272	181
181	172
172	220
220	0
0	285
285	341
341	264
264	234
234	349
349	227
227	216
216	320
320	256
256	213
213	315
315	223
223	358
358	213
213	215
215	213
213	281
281	346
346	281
281	309
309	342
342	247
247	321
321	248
248	400
400	274
274	219
219	263
263	206
206	152
152	280
280	272
272	301
301	198
198	201
201	222
222	187
187	441
441	282
282	211
211	285
285	340
340	303
303	319
319	289
289	153
153	204
204	329
329	243
243	274
274	294
294	186
186	269
269	226
226	155
155	283
283	198
198	222
222	164
164	215
215	286
286	364
364	179
179	280
280	292
292	328
328	343
343	180
180	260
260	341
341	293
293	352
352	340
340	417
417	76
76	233
233	233
233	158
158	220
220	354
354	260
260	322
322	368
368	236
236	228
228	166
166	237
237	207
207	241
241	241
241	206
206	178
178	230
230	257
257	195
195	280
280	246
246	238
238	319
319	414
414	314
314	300
300	256
256	265
265	296
296	218
218	154
154	286
286	208
208	283
283	199
199	170
170	160
160	275
275	390
390	270
270	290
290	266
266	272
272	418
418	203
203	245
245	210
210	305
305	274
274	234
234	307
307	187
187	264
264	270
270	364
364	293
293	258
258	164
164	155
155	297
297	208
208	240
240	196
196	269
269	272
272	376
376	381
381	329
329	330
330	176
176	344
344	192
192	146
146	473
473	278
278	211
211	257
257	261
261	114
114	207
207	292
292	259
259	142
142	222
222	246
246	262
262	141
141	274
274	361
361	147
147	286
286	348
348	282
282	297
297	224
224	243
243	178
178	248
248	218
218	211
211	355
355	248
248	299
299	282
282	187
187	127
127	158
158	275
275	235
235	308
308	230
230	165
165	263
263	332
332	274
274	243
243	227
227	343
343	319
319	227
227	164
164	193
193	279
279	181
181	230
230	248
248	211
211	213
213	241
241	218
218	164
164	307
307	193
193	327
327	233
233	235
235	345
345	274
274	229
229	199
199	221
221	284
284	314
314	259
259	222
222	279
279	302
302	227
227	355
355	231
231	318
318	323
323	260
260	250
250	316
316	132
132	258
258	261
261	281
281	195
195	159
159	75
75	293
293	330
330	226
226	419
419	212
212	166
166	246
246	263
263	303
303	264
264	204
204	152
152	216
216	163
163	306
306	249
249	129
129	281
281	193
193	349
349	260
260	272
272	202
202	292
292	261
261	271
271	234
234	300
300	89
89	267
267	328
328	243
243	296
296	215
215	268
268	216
216	335
335	288
288	350
350	253
253	252
252	278
278	355
355	92
92	141
141	343
343	386
386	242
242	349
349	405
405	269
269	225
225	223
223	239
239	311
311	244
244	396
396	233
233	207
207	293
293	272
272	288
288	113
113	246
246	130
130	269
269	309
309	337
337	308
308	289
289	309
309	252
252	253
253	326
326	331
331	224
224	133
133	99
99	145
145	188
188	287
287	203
203	250
250	281
281	161
161	198
198	205
205	201
201	226
226	310
310	221
221	304
304	279
279	269
269	323
323	403
403	357
357	147
147	292
292	171
171	118
118	173
173	106
106	179
179	349
349	223
223	440
440	283
283	325
325	246
246	237
237	202
202	267
267	154
154	198
198	183
183	268
268	360
360	404
404	136
136	280
280	211
211	182
182	263
263	224
224	260
260	309
309	192
192	246
246	140
140	230
230	324
324	136
136	283
283	163
163	271
271	225
225	237
237	146
146	194
194	243
243	261
261	243
243	212
212	347
347	243
243	203
203	204
204	251
251	320
320	227
227	316
316	272
272	217
217	200
200	268
268	249
249	194
194	202
202	293
293	292
292	235
235	313
313	232
232	248
248	341
341	219
219	116
116	168
168	276
276	241
241	445
445	159
159	239
239	259
259	162
162	330
330	307
307	362
362	303
303	13
13	190
190	277
277	200
200	276
276	252
252	219
219	261
261	291
291	335
335	195
195	217
217	207
207	314
314	364
364	329
329	348
348	273
273	201
201	303
303	375
375	291
291	320
320	150
150	295
295	246
246	294
294	344
344	212
212	359
359	191
191	259
259	277
277	329
329	234
234	192
192	353
353	281
281	125
125	278
278	139
139	310
310	351
351	244
244	194
194	340
340	221
221	200
200	170
170	155
155	275
275	233
233	310
310	252
252	242
242	138
138	203
203	263
263	227
227	344
344	131
131	244
244	264
264	207
207	264
264	370
370	184
184	232
232	159
159	306
306	173
173	197
197	354
354	313
313	204
204	326
326	211
211	263
263	382
382	411
411	226
226	254
254	327
327	298
298	240
240	242
242	202
202	100
100	245
245	174
174	240
240	425
425	258
258	360
360	180
180	344
344	141
141	237
237	276
276	299
299	248
248	182
182	173
173	207
207	186
186	216
216	191
191	341
341	275
275	276
276	199
199	275
275	278
278	192
192	175
175	123
123	316
316	187
187	259
259	262
262	262
262	212
212	241
241	235
235	349
349	177
177	242
242	329
329	285
285	181
181	311
311	71
71	222
222	364
364	290
290	310
310	250
250	230
230	304
304	415
415	238
238	355
355	219
219	227
227	301
301	194
194	321
321	141
141	90
90	245
245	279
279	344
344	264
264	322
322	273
273	303
303	190
190	251
251	215
215	240
240	414
414	160
160	258
258	234
234	282
282	379
379	319
319	211
211	158
158	314
314	188
188	207
207	288
288	152
152	363
363	263
263	240
240	312
312	311
311	239
239	332
332	281
281	332
332	274
274	243
243	376
376	202
202	300
300	395
395	228
228	300
300	278
278	232
232	256
256	298
298	416
416	317
317	239
239	121
121	273
273	274
274	202
202	325
325	283
283	296
296	223
223	209
209	224
224	180
180	220
220	306
306	101
101	135
135	258
258	279
279	191
191	293
293	342
342	303
303	149
149	206
206	198
198	233
233	210
210	198
198	387
387	233
233	246
246	276
276	137
137	178
178	288
288	280
280	177
177	333
333	252
252	266
266	264
264	218
218	131
131	247
247	149
149	245
245	270
270	270
270	161
161	281
281	173
173	273
273	297
297	366
366	115
115	313
313	245
245	251
251	218
218	272
272	238
238	214
214	219
219	298
298	290
290	332
332	281
281	246
246	178
178	278
278	235
235	271
271	316
316	222
222	223
223	238
238	271
271	396
396	196
196	348
348	241
241	318
318	260
260	219
219	238
238	322
322	343
343	322
322	217
217	168
168	284
284	292
292	84
84	258
258	400
400	243
243	212
212	187
187	132
132	223
223	277
277	189
189	273
273	310
310	215
215	290
290	295
295	253
253	390
390	169
169	275
275	193
193	207
207	286
286	331
331	268
268	346
346	192
192	279
279	220
220	204
204	76
76	308
308	385
385	290
290	350
350	260
260	172
172	196
196	201
201	332
332	223
223	262
262	165
165	244
244	145
145	208
208	308
308	373
373	289
289	263
263	330
330	306
306	88
88	133
133	199
199	196
196	146
146	210
210	192
192	332
332	214
214	169
169	228
228	209
209	274
274	240
240	154
154	296
296	231
231	215
215	198
198	311
311	249
249	150
150	405
405	233
233	275
275	280
280	167
167	340
340	273
273	266
266	349
349	267
267	138
138	255
255	336
336	339
339	274
274	140
140	331
331	252
252	269
269	344
344	284
284	1
1	142
142	199
199	168
168	267
267	267
267	209
209	336
336	202
202	232
232	210
210	195
195	260
260	161
161	235
235	313
313	312
312	123
123	284
284	225
225	287
287	268
268	234
234	255
255	298
298	306
306	205
205	165
165	227
227	326
326	280
280	283
283	226
226	204
204	399
399	249
249	254
254	237
237	261
261	234
234	185
185	290
290	355
355	269
269	205
205	260
260	326
326	378
378	160
160	264
264	226
226	293
293	268
268	216
216	132
132	173
173	215
215	237
237	337
337	215
215	282
282	318
318	272
272	262
262	214
214	314
314	368
368	289
289	277
277	272
272	327
327	233
233	221
221	293
293	235
235	317
317	156
156	347
347	206
206	272
272	224
224	305
305	159
159	183
183	368
368	189
189	208
208	260
260	201
201	266
266	337
337	261
261	374
374	157
157	237
237	196
196	281
281	170
170	135
135	229
229	132
132	195
195	219
219	142
142	295
295	277
277	213
213	161
161	237
237	245
245	107
107	346
346	286
286	136
136	392
392	246
246	155
155	193
193	274
274	157
157	224
224	249
249	227
227	270
270	207
207	239
239	269
269	104
104	125
125	183
183	262
262	270
270	206
206	346
346	334
334	244
244	484
484	231
231	324
324	252
252	138
138	385
385	183
183	261
261	388
388	300
300	282
282	246
246	273
273	386
386	225
225	241
241	225
225	228
228	244
244	299
299	262
262	204
204	369
369	196
196	233
233	262
262	141
141	187
187	167
167	73
73	402
402	206
206	314
314	257
257	188
188	253
253	284
284	178
178	338
338	338
338	249
249	298
298	173
173	295
295	247
247	366
366	190
190	394
394	257
257	287
287	356
356	332
332	196
196	193
193	193
193	330
330	247
247	226
226	262
262	327
327	245
245	277
277	97
97	210
210	183
183	212
212	204
204	227
227	222
222	301
301	355
355	151
151	376
376	344
344	263
263	364
364	273
273	186
186	333
333	409
409	203
203	187
187	334
334	254
254	163
163	341
341	246
246	202
202	216
216	222
222	320
320	177
177	288
288	325
325	197
197	279
279	143
143	304
304	179
179	311
311	286
286	228
228	155
155	347
347	267
267	371
371	257
257	134
134	372
372	236
236	320
320	207
207	298
298	313
313	326
326	290
290	253
253	266
266	277
277	205
205	294
294	183
183	125
125	268
268	270
270	271
271	378
378	341
341	384
384	271
271	318
318	216
216	240
240	136
136	261
261	320
320	184
184	241
241	206
206	201
201	318
318	261
261	307
307	283
283	320
320	101
101	186
186	244
244	280
280	335
335	212
212	215
215	237
237	304
304	263
263	333
333	203
203	284
284	283
283	143
143	276
276	375
375	174
174	212
212	186
186	334
334	218
218	308
308	143
143	131
131	325
325	297
297	275
275	322
322	261
261	266
266	196
196	257
257	181
181	195
195	223
223	266
266	366
366	282
282	284
284	293
293	339
339	296
296	260
260	226
226	297
297	141
141	259
259	321
321	240
240	296
296	268
268	296
296	222
222	371
371	283
283	266
266	174
174	243
243	157
157	236
236	172
172	252
252	267
267	223
223	368
368	350
350	353
353	297
297	310
310	211
211	265
265	179
179	273
273	334
334	181
181	242
242	156
156	298
298	341
341	335
335	186
186	207
207	249
249	229
229	220
220	83
83	300
300	240
240	304
304	274
274	52
52	235
235	310
310	328
328	234
234	292
292	272
272	319
319	391
391	194
194	400
400	271
271	201
201	201
201	264
264	266
266	284
284	313
313	281
281	186
186	209
209	204
204	216
216	280
280	279
279	241
241	188
188	234
234	297
297	247
247	355
355	200
200	276
276	335
335	197
197	252
252	173
173	192
192	157
157	192
192	281
281	240
240	296
296	327
327	281
281	309
309	308
308	418
418	308
308	154
154	276
276	302
302	321
321	312
312	222
222	258
258	280
280	271
271	395
395	146
146	315
315	337
337	216
216	290
290	250
250	185
185	263
263	371
371	229
229	299
299	179
179	193
193	171
171	158
158	191
191	194
194	226
226	143
143	221
221	203
203	202
202	234
234	336
336	256
256	285
285	365
365	303
303	265
265	331
331	409
409	221
221	314
314	200
200	171
171	210
210	251
251	122
122	146
146	252
252	297
297	310
310	286
286	244
244	292
292	427
427	392
392	252
252	353
353	214
214	280
280	266
266	308
308	173
173	299
299	268
268	279
279	186
186	229
229	150
150	206
206	190
190	232
232	268
268	314
314	183
183	276
276	331
331	322
322	147
147	306
306	245
245	351
351	320
320	232
232	275
275	291
291	87
87	214
214	229
229	178
178	103
103	314
314	214
214	336
336	190
190	321
321	304
304	295
295	185
185	244
244	224
224	190
190	226
226	145
145	245
245	243
243	199
199	300
300	184
184	239
239	292
292	271
271	92
92	203
203	228
228	218
218	163
163	253
253	245
245	344
344	264
264	304
304	247
247	131
131	155
155	205
205	226
226	296
296	199
199	213
213	274
274	218
218	172
172	218
218	209
209	304
304	271
271	294
294	225
225	401
401	264
264	193
193	165
165	263
263	228
228	163
163	224
224	144
144	303
303	389
389	307
307	234
234	349
349	276
276	104
104	246
246	262
262	295
295	245
245	337
337	165
165	425
425	349
349	239
239	276
276	196
196	192
192	261
261	324
324	320
320	402
402	234
234	241
241	69
69	235
235	266
266	259
259	212
212	168
168	228
228	407
407	192
192	256
256	177
177	336
336	310
310	267
267	253
253	358
358	296
296	256
256	265
265	362
362	290
290	275
275	295
295	249
249	188
188	281
281	145
145	209
209	329
329	208
208	275
275	241
241	275
275	285
285	222
222	110
110	326
326	218
218	276
276	323
323	182
182	342
342	307
307	265
265	232
232	339
339	287
287	293
293	441
441	294
294	337
337	253
253	380
380	250
250	188
188	255
255	138
138	342
342	175
175	275
275	319
319	289
289	282
282	197
197	252
252	320
320	204
204	171
171	208
208	315
315	237
237	271
271	136
136	203
203	208
208	169
169	337
337	327
327	149
149	273
273	190
190	245
245	259
259	373
373	282
282	211
211	313
313	316
316	266
266	410
410	245
245	225
225	294
294	167
167	228
228	219
219	350
350	305
305	298
298	319
319	318
318	258
258	159
159	141
141	259
259	370
370	313
313	328
328	379
379	223
223	213
213	332
332	207
207	407
407	317
317	213
213	231
231	292
292	305
305	336
336	279
279	187
187	263
263	151
151	296
296	295
295	266
266	193
193	343
343	324
324	207
207	165
165	325
325	298
298	259
259	274
274	304
304	227
227	363
363	280
280	204
204	222
222	359
359	212
212	183
183	335
335	278
278	407
407	238
238	300
300	255
255	286
286	147
147	273
273	308
308	256
256	231
231	258
258	113
113	341
341	280
280	294
294	301
301	276
276	353
353	179
179	251
251	330
330	255
255	300
300	145
145	280
280	330
330	103
103	240
240	170
170	185
185	297
297	331
331	242
242	221
221	380
380	250
250	282
282	232
232	291
291	172
172	258
258	195
195	243
243	303
303	390
390	225
225	293
293	225
225	262
262	447
447	269
269	215
215	325
325	320
320	152
152	212
212	225
225	239
239	263
263	218
218	286
286	288
288	198
198	282
282	179
179	313
313	241
241	305
305	188
188	310
310	237
237	251
251	237
237	302
302	380
380	318
318	258
258	205
205	262
262	188
188	250
250	321
321	250
250	338
338	222
222	286
286	279
279	160
160	220
220	325
325	178
178	246
246	189
189	189
189	193
193	313
313	257
257	282
282	218
218	248
248	314
314	168
168	204
204	326
326	372
372	197
197	286
286	171
171	301
301	265
265	187
187	291
291	343
343	245
245	194
194	179
179	171
171	283
283	279
279	202
202	308
308	183
183	358
358	110
110	237
237	308
308	257
257	259
259	221
221	391
391	225
225	304
304	339
339	233
233	355
355	287
287	154
154	224
224	246
246	300
300	305
305	304
304	157
157	151
151	348
348	313
313	284
284	362
362	383
383	203
203	259
259	286
286	264
264	270
270	269
269	331
331	68
68	256
256	239
239	224
224	266
266	293
293	237
237	257
257	143
143	180
180	231
231	244
244	183
183	175
175	298
298	265
265	351
351	294
294	176
176	104
104	266
266	241
241	294
294	319
319	242
242	266
266	207
207	338
338	260
260	220
220	225
225	381
381	291
291	285
285	279
279	287
287	288
288	257
257	373
373	240
240	198
198	228
228	337
337	310
310	336
336	241
241	266
266	132
132	321
321	249
249	260
260	326
326	237
237	286
286	207
207	220
220	293
293	242
242	149
149	219
219	456
456	290
290	271
271	228
228	131
131	265
265	45
45	193
193	156
156	241
241	330
330	291
291	226
226	145
145	220
220	175
175	286
286	216
216	353
353	248
248	152
152	262
262	305
305	222
222	298
298	279
279	282
282	234
234	247
247	247
247	247
247	156
156	255
255	174
174	265
265	176
176	350
350	312
312	219
219	398
398	334
334	315
315	114
114	169
169	208
208	234
234	166
166	301
301	220
220	245
245	218
218	250
250	350
350	131
131	190
190	224
224	294
294	186
186	220
220	304
304	172
172	328
328	280
280	295
295	255
255	188
188	146
146	267
267	305
305	306
306	250
250	369
369	269
269	228
228	263
263	214
214	303
303	363
363	327
327	273
273	163
163	212
212	284
284	251
251	351
351	301
301	158
158	300
300	302
302	376
376	262
262	274
274	148
148	225
225	154
154	246
246	203
203	168
168	256
256	198
198	343
343	409
409	267
267	275
275	122
122	359
359	213
213	283
283	242
242	280
280	250
250	265
265	183
183	265
265	154
154	249
249	269
269	237
237	278
278	317
317	147
147	156
156	214
214	285
285	280
280	232
232	296
296	399
399	182
182	198
198	131
131	265
265	311
311	231
231	331
331	240
240	273
273	326
326	296
296	278
278	354
354	193
193	224
224	276
276	232
232	217
217	306
306	221
221	283
283	244
244	226
226	287
287	276
276	121
121	233
233	182
182	264
264	207
207	255
255	342
342	373
373	311
311	147
147	357
357	330
330	273
273	423
423	225
225	379
379	180
180	229
229	176
176	295
295	281
281	211
211	160
160	71
71	191
191	158
158	301
301	330
330	119
119	136
136	223
223	321
321	342
342	357
357	229
229	211
211	185
185	294
294	309
309	151
151	247
247	220
220	297
297	335
335	338
338	290
290	227
227	223
223	176
176	336
336	195
195	123
123	199
199	356
356	273
273	231
231	270
270	283
283	286
286	244
244	413
413	329
329	86
86	191
191	254
254	290
290	237
237	253
253	234
234	166
166	402
402	243
243	416
416	195
195	238
238	166
166	197
197	318
318	308
308	196
196	266
266	226
226	313
313	203
203	363
363	150
150	276
276	152
152	206
206	182
182	362
362	245
245	278
278	157
157	190
190	280
280	249
249	301
301	335
335	193
193	190
190	287
287	248
248	257
257	195
195	191
191	287
287	363
363	232
232	332
332	350
350	330
330	360
360	281
281	145
145	200
200	246
246	157
157	220
220	344
344	203
203	270
270	275
275	383
383	239
239	300
300	172
172	196
196	279
279	292
292	224
224	275
275	210
210	295
295	208
208	273
273	280
280	354
354	180
180	271
271	138
138	265
265	310
310	183
183	242
242	340
340	370
370	256
256	358
358	245
245	196
196	249
249	137
137	199
199	214
214	351
351	271
271	396
396	287
287	280
280	241
241	195
195	268
268	230
230	149
149	291
291	245
245	274
274	220
220	303
303	215
215	281
281	302
302	248
248	193
193	272
272	330
330	107
107	264
264	266
266	280
280	230
230	279
279	218
218	274
274	335
335	250
250	182
182	249
249	286
286	238
238	370
370	226
226	227
227	368
368	277
277	293
293	348
348	211
211	243
243	316
316	201
201	272
272	176
176	291
291	409
409	245
245	229
229	370
370	192
192	230
230	254
254	298
298	181
181	190
190	277
277	243
243	141
141	138
138	137
137	257
257	287
287	302
302	183
183	118
118	297
297	250
250	255
255	228
228	235
235	387
387	246
246	291
291	107
107	154
154	203
203	266
266	281
281	428
428	136
136	138
138	237
237	196
196	185
185	321
321	227
227	288
288	270
270	146
146	309
309	239
239	211
211	246
246	283
283	332
332	263
263	138
138	313
313	219
219	383
383	298
298	301
301	233
233	198
198	206
206	167
167	200
200	337
337	215
215	252
252	363
363	222
222	242
242	304
304	270
270	288
288	230
230	244
244	367
367	395
395	254
254	203
203	250
250	217
217	207
207	121
121	150
150	254
254	212
212	347
347	129
129	192
192	291
291	288
288	226
226	187
187	94
94	223
223	288
288	248
248	162
162	322
322	307
307	243
243	262
262	261
261	268
268	309
309	231
231	365
365	178
178	234
234	201
201	210
210	143
143	336
336	261
261	247
247	263
263	207
207	231
231	318
318	252
252	291
291	301
301	327
327	219
219	205
205	282
282	191
191	337
337	183
183	331
331	368
368	168
168	337
337	292
292	264
264	240
240	243
243	317
317	212
212	214
214	468
468	365
365	331
331	322
322	254
254	137
137	243
243	308
308	302
302	366
366	340
340	287
287	218
218	237
237	291
291	224
224	226
226	356
356	247
247	148
148	106
106	273
273	223
223	229
229	247
247	259
259	186
186	254
254	106
106	192
192	229
229	275
275	275
275	343
343	371
371	287
287	199
199	293
293	342
342	333
333	263
263	156
156	168
168	231
231	292
292	216
216	149
149	347
347	225
225	325
325	286
286	167
167	260
260	302
302	209
209	209
209	278
278	185
185	209
209	347
347	233
233	287
287	223
223	150
150	223
223	218
218	270
270	222
222	325
325	115
115	283
283	220
220	322
322	261
261	368
368	228
228	234
234	289
289	328
328	173
173	74
74	243
243	273
273	361
361	238
238	262
262	302
302	214
214	187
187	240
240	134
134	291
291	185
185	149
149	260
260	289
289	240
240	293
293	308
308	303
303	242
242	274
274	218
218	360
360	207
207	177
177	213
213	209
209	168
168	169
169	375
375	261
261	193
193	329
329	190
190	361
361	236
236	203
203	347
347	218
218	257
257	306
306	276
276	212
212	112
112	202
202	303
303	330
330	273
273	320
320	278
278	356
356	359
359	216
216	257
257	297
297	344
344	266
266	221
221	254
254	165
165	220
220	197
197	269
269	239
239	335
335	270
270	178
178	286
286	188
188	270
270	424
424	226
226	270
270	335
335	187
187	342
342	229
229	313
313	220
220	375
375	338
338	209
209	382
382	237
237	311
311	268
268	256
256	395
395	151
151	152
152	312
312	108
108	312
312	346
346	154
154	254
254	215
215	320
320	213
213	311
311	204
204	330
330	282
282	175
175	177
177	260
260	120
120	319
319	357
357	301
301	177
177	273
273	410
410	342
342	294
294	316
316	348
348	269
269	249
249	238
238	267
267	240
240	204
204	192
192	298
298	217
217	192
192	162
162	162
162	303
303	231
231	299
299	339
339	238
238	306
306	455
455	233
233	287
287	235
235	333
333	229
229	228
228	302
302	255
255	209
209	108
108	160
160	219
219	310
310	304
304	294
294	327
327	242
242	282
282	252
252	287
287	243
243	327
327	149
149	418
418	238
238	172
172	178
178	253
253	345
345	191
191	285
285	199
199	322
322	218
218	201
201	405
405	275
275	346
346	322
322	271
271	349
349	248
248	294
294	150
150	172
172	309
309	232
232	228
228	282
282	76
76	231
231	182
182	289
289	258
258	151
151	249
249	241
241	292
292	213
213	164
164	251
251	290
290	281
281	301
301	192
192	198
198	210
210	298
298	276
276	280
280	326
326	303
303	244
244	267
267	409
409	355
355	225
225	128
128	229
229	265
265	119
119	345
345	353
353	255
255	229
229	308
308	306
306	247
247	218
218	274
274	384
384	156
156	374
374	130
130	199
199	296
296	332
332	197
197	244
244	200
200	150
150	334
334	223
223	258
258	401
401	280
280	254
254	306
306	273
273	173
173	306
306	257
257	250
250	308
308	270
270	219
219	173
173	301
301	310
310	270
270	262
262	250
250	248
248	242
242	354
354	336
336	231
231	307
307	216
216	207
207	248
248	270
270	217
217	157
157	311
311	226
226	258
258	296
296	262
262	258
258	281
281	294
294	217
217	280
280	298
298	280
280	152
152	335
335	185
185	390
390	211
211	241
241	331
331	163
163	288
288	307
307	293
293	206
206	287
287	189
189	277
277	218
218	269
269	200
200	284
284	222
222	198
198	105
105	288
288	375
375	218
218	355
355	243
243	200
200	262
262	228
228	304
304	197
197	265
265	276
276	265
265	276
276	227
227	155
155	279
279	191
191	332
332	235
235	315
315	374
374	233
233	215
215	332
332	278
278	259
259	266
266	205
205	328
328	225
225	332
332	223
223	356
356	276
276	43
43	244
244	343
343	234
234	211
211	287
287	357
357	307
307	264
264	291
291	292
292	244
244	283
283	255
255	304
304	299
299	158
158	219
219	172
172	263
263	100
100	248
248	329
329	286
286	353
353	255
255	219
219	130
130	437
437	276
276	329
329	293
293	230
230	234
234	83
83	187
187	227
227	211
211	306
306	287
287	221
221	175
175	310
310	251
251	279
279	280
280	248
248	305
305	272
272	259
259	183
183	259
259	319
319	228
228	284
284	300
300	485
485	207
207	242
242	227
227	151
151	269
269	278
278	231
231	253
253	249
249	235
235	198
198	207
207	193
193	304
304	254
254	279
279	208
208	108
108	260
260	299
299	335
335	131
131	276
276	267
267	259
259	249
249	389
389	177
177	270
270	286
286	121
121	286
286	356
356	236
236	236
236	156
156	277
277	327
327	170
170	163
163	215
215	263
263	333
333	295
295	250
250	198
198	260
260	293
293	207
207	272
272	275
275	347
347	363
363	128
128	331
331	212
212	166
166	215
215	223
223	278
278	241
241	163
163	232
232	125
125	365
365	212
212	304
304	302
302	211
211	151
151	151
151	311
311	248
248	329
329	224
224	55
55	182
182	311
311	270
270	384
384	280
280	133
133	426
426	330
330	156
156	271
271	253
253	204
204	132
132	191
191	275
275	218
218	197
197	259
259	435
435	273
273	309
309	219
219	149
149	179
179	293
293	259
259	253
253	315
315	399
399	322
322	233
233	277
277	321
321	261
261	357
357	341
341	297
297	149
149	174
174	187
187	328
328	254
254	386
386	248
248	255
255	241
241	344
344	328
328	269
269	222
222	230
230	231
231	303
303	326
326	369
369	327
327	182
182	325
325	265
265	207
207	242
242	246
246	256
256	266
266	247
247	226
226	341
341	355
355	293
293	261
261	354
354	231
231	235
235	260
260	324
324	249
249	294
294	249
249	271
271	120
120	352
352	325
325	183
183	86
86	370
370	260
260	320
320	297
297	284
284	337
337	289
289	139
139	303
303	233
233	269
269	271
271	280
280	218
218	217
217	182
182	331
331	263
263	287
287	327
327	177
177	178
178	244
244	303
303	197
197	205
205	293
293	278
278	294
294	304
304	328
328	137
137	266
266	281
281	139
139	263
263	329
329	152
152	259
259	217
217	305
305	179
179	179
179	345
345	289
289	350
350	316
316	298
298	264
264	165
165	256
256	270
270	291
291	194
194	262
262	374
374	218
218	263
263	268
268	193
193	281
281	271
271	93
93	408
408	350
350	339
339	315
315	233
233	174
174	224
224	291
291	387
387	187
187	384
384	184
184	311
311	251
251	122
122	428
428	173
173	208
208	225
225	230
230	271
271	279
279	400
400	354
354	322
322	211
211	330
330	242
242	236
236	294
294	174
174	91
91	228
228	198
198	315
315	238
238	355
355	220
220	299
299	290
290	283
283	190
190	260
260	247
247	217
217	235
235	223
223	235
235	197
197	172
172	212
212	236
236	325
325	216
216	363
363	163
163	386
386	268
268	108
108	305
305	104
104	280
280	410
410	245
245	290
290	302
302	230
230	312
312	230
230	316
316	188
188	261
261	236
236	203
203	262
262	155
155	144
144	156
156	201
201	314
314	260
260	342
342	324
324	223
223	163
