# This file contains sunspot number from 1990 to 2011.
time x
1 186
186 176
176 166
166 174
174 164
164 144
144 129
129 138
138 125
125 134
134 164
164 172
172 179
179 147
147 157
157 152
152 164
164 177
177 199
199 236
236 217
217 208
208 200
200 191
191 206
206 203
203 211
211 193
193 185
185 198
198 201
201 171
171 161
161 124
124 113
113 97
97 80
80 82
82 95
95 103
103 79
79 75
75 80
80 85
85 75
75 78
78 64
64 54
54 77
77 107
107 134
134 159
159 191
191 239
239 249
249 245
245 234
234 217
217 187
187 173
173 171
171 163
163 126
126 98
98 104
104 105
105 88
88 71
71 80
80 73
73 85
85 83
83 90
90 110
110 129
129 123
123 167
167 202
202 217
217 211
211 195
195 206
206 209
209 204
204 188
188 168
168 129
129 132
132 133
133 115
115 103
103 114
114 113
113 127
127 132
132 138
138 128
128 128
128 88
88 82
82 88
88 77
77 123
123 142
142 171
171 170
170 199
199 203
203 213
213 206
206 212
212 207
207 174
174 157
157 160
160 118
118 124
124 103
103 94
94 114
114 70
70 59
59 61
61 86
86 80
80 106
106 132
132 138
138 133
133 116
116 126
126 146
146 144
144 141
141 144
144 157
157 167
167 170
170 187
187 187
187 193
193 187
187 160
160 158
158 146
146 134
134 139
139 121
121 118
118 90
90 101
101 96
96 80
80 73
73 77
77 79
79 101
101 107
107 99
99 87
87 107
107 126
126 115
115 122
122 118
118 102
102 110
110 100
100 83
83 79
79 68
68 57
57 71
71 64
64 88
88 94
94 103
103 140
140 184
184 203
203 230
230 272
272 253
253 264
264 241
241 213
213 186
186 173
173 135
135 102
102 88
88 106
106 110
110 114
114 118
118 98
98 95
95 87
87 57
57 61
61 81
81 123
123 143
143 165
165 201
201 204
204 196
196 177
177 165
165 144
144 117
117 142
142 146
146 175
175 151
151 137
137 128
128 124
124 120
120 136
136 145
145 160
160 161
161 167
167 192
192 215
215 229
229 232
232 269
269 270
270 290
290 295
295 278
278 262
262 281
281 276
276 263
263 220
220 188
188 176
176 186
186 181
181 155
155 120
120 116
116 126
126 134
134 118
118 118
118 112
112 112
112 113
113 121
121 116
116 124
124 142
142 178
178 162
162 156
156 137
137 136
136 151
151 145
145 150
150 141
141 117
117 101
101 94
94 93
93 77
77 113
113 119
119 115
115 110
110 112
112 140
140 134
134 123
123 124
124 135
135 141
141 148
148 153
153 195
195 192
192 214
214 202
202 218
218 192
192 188
188 181
181 181
181 169
169 136
136 140
140 134
134 131
131 125
125 102
102 111
111 119
119 98
98 87
87 77
77 77
77 81
81 108
108 146
146 154
154 197
197 209
209 208
208 188
188 163
163 167
167 151
151 118
118 119
119 113
113 102
102 110
110 97
97 109
109 98
98 102
102 125
125 114
114 118
118 110
110 117
117 109
109 144
144 153
153 0
0 127
127 160
160 180
180 186
186 167
167 169
169 182
182 177
177 176
176 175
175 157
157 138
138 117
117 95
95 88
88 104
104 112
112 121
121 134
134 114
114 117
117 99
99 91
91 95
95 101
101 104
104 104
104 111
111 109
109 103
103 108
108 139
139 89
89 93
93 95
95 104
104 119
119 105
105 99
99 94
94 97
97 116
116 122
122 145
145 119
119 114
114 133
133 154
154 127
127 119
119 91
91 107
107 106
106 127
127 135
135 149
149 179
179 220
220 237
237 248
248 239
239 224
224 205
205 209
209 176
176 144
144 127
127 117
117 119
119 118
118 134
134 136
136 140
140 153
153 166
166 163
163 173
173 159
159 136
136 191
191 206
206 198
198 223
223 214
214 200
200 192
192 194
194 187
187 175
175 134
134 95
95 93
93 71
71 55
55 74
74 88
88 131
131 146
146 156
156 159
159 167
167 163
163 152
152 161
161 182
182 202
202 167
167 168
168 155
155 173
173 167
167 179
179 179
179 154
154 146
146 153
153 137
137 129
129 140
140 141
141 115
115 89
89 92
92 118
118 139
139 160
160 159
159 164
164 146
146 172
172 167
167 195
195 227
227 197
197 211
211 227
227 188
188 172
172 171
171 173
173 161
161 115
115 79
79 72
72 33
33 39
39 73
73 82
82 119
119 132
132 129
129 93
93 86
86 106
106 95
95 89
89 96
96 99
99 125
125 140
140 134
134 145
145 133
133 116
116 134
134 119
119 113
113 113
113 125
125 116
116 121
121 97
97 117
117 120
120 117
117 121
121 139
139 156
156 158
158 150
150 141
141 145
145 177
177 175
175 171
171 179
179 180
180 167
167 171
171 210
210 240
240 241
241 250
250 219
219 175
175 177
177 154
154 165
165 149
149 142
142 143
143 113
113 147
147 135
135 124
124 135
135 137
137 150
150 143
143 162
162 177
177 183
183 188
188 213
213 238
238 250
250 217
217 204
204 209
209 203
203 179
179 181
181 170
170 138
138 139
139 132
132 117
117 102
102 91
91 89
89 114
114 132
132 171
171 184
184 212
212 205
205 189
189 199
199 183
183 183
183 182
182 197
197 173
173 132
132 138
138 143
143 136
136 148
148 119
119 120
120 106
106 89
89 75
75 86
86 98
98 126
126 122
122 164
164 212
212 257
257 279
279 280
280 291
291 300
300 294
294 275
275 259
259 215
215 177
177 147
147 157
157 171
171 166
166 184
184 170
170 161
161 147
147 147
147 132
132 137
137 111
111 135
135 122
122 127
127 123
123 130
130 143
143 147
147 123
123 101
101 103
103 101
101 84
84 80
80 115
115 124
124 129
129 112
112 111
111 117
117 120
120 124
124 144
144 138
138 155
155 147
147 159
159 158
158 165
165 129
129 115
115 116
116 137
137 149
149 141
141 129
129 125
125 138
138 145
145 126
126 111
111 111
111 88
88 83
83 77
77 81
81 107
107 138
138 161
161 171
171 217
217 221
221 248
248 223
223 197
197 198
198 173
173 139
139 109
109 113
113 125
125 134
134 141
141 132
132 121
121 129
129 114
114 104
104 94
94 88
88 73
73 75
75 75
75 96
96 94
94 87
87 78
78 83
83 95
95 98
98 83
83 104
104 104
104 80
80 0
0 102
102 96
96 124
124 116
116 131
131 133
133 154
154 174
174 209
209 212
212 211
211 187
187 177
177 175
175 155
155 135
135 124
124 133
133 134
134 117
117 109
109 108
108 110
110 130
130 143
143 150
150 132
132 138
138 156
156 151
151 151
151 141
141 144
144 177
177 184
184 183
183 185
185 190
190 204
204 193
193 183
183 155
155 143
143 142
142 108
108 107
107 87
87 76
76 71
71 88
88 115
115 142
142 127
127 117
117 112
112 127
127 148
148 173
173 187
187 196
196 219
219 225
225 238
238 221
221 194
194 178
178 164
164 159
159 157
157 179
179 187
187 173
173 182
182 141
141 148
148 137
137 111
111 110
110 109
109 99
99 101
101 117
117 137
137 144
144 150
150 188
188 192
192 196
196 192
192 191
191 176
176 166
166 124
124 106
106 92
92 65
65 69
69 103
103 106
106 118
118 125
125 122
122 125
125 138
138 130
130 110
110 107
107 85
85 75
75 78
78 88
88 91
91 90
90 92
92 109
109 119
119 116
116 111
111 110
110 121
121 107
107 111
111 103
103 95
95 88
88 64
64 50
50 60
60 64
64 57
57 58
58 54
54 62
62 66
66 68
68 75
75 82
82 97
97 117
117 129
129 139
139 163
163 176
176 171
171 166
166 146
146 159
159 123
123 96
96 97
97 89
89 80
80 88
88 86
86 90
90 98
98 96
96 93
93 72
72 82
82 79
79 73
73 68
68 80
80 87
87 78
78 65
65 45
45 41
41 59
59 54
54 59
59 110
110 106
106 113
113 99
99 66
66 57
57 80
80 59
59 41
41 30
30 33
33 31
31 38
38 72
72 74
74 81
81 70
70 64
64 60
60 70
70 74
74 82
82 102
102 86
86 77
77 60
60 64
64 64
64 59
59 63
63 56
56 55
55 69
69 73
73 70
70 64
64 59
59 38
38 43
43 70
70 67
67 78
78 66
66 63
63 71
71 78
78 77
77 79
79 83
83 102
102 129
129 133
133 132
132 126
126 151
151 161
161 159
159 140
140 102
102 88
88 66
66 65
65 67
67 54
54 43
43 37
37 54
54 61
61 53
53 39
39 47
47 53
53 65
65 90
90 103
103 103
103 94
94 89
89 86
86 93
93 93
93 74
74 60
60 53
53 61
61 82
82 76
76 96
96 90
90 71
71 69
69 59
59 48
48 44
44 36
36 38
38 20
20 30
30 34
34 33
33 40
40 35
35 36
36 47
47 49
49 44
44 46
46 47
47 52
52 44
44 38
38 57
57 54
54 59
59 63
63 77
77 77
77 75
75 76
76 62
62 54
54 63
63 62
62 65
65 66
66 89
89 90
90 75
75 84
84 86
86 62
62 72
72 81
81 85
85 98
98 95
95 105
105 122
122 113
113 103
103 88
88 91
91 73
73 57
57 41
41 36
36 43
43 40
40 54
54 55
55 73
73 92
92 75
75 98
98 104
104 95
95 114
114 113
113 125
125 138
138 131
131 111
111 100
100 82
82 104
104 88
88 68
68 86
86 95
95 95
95 96
96 74
74 76
76 74
74 84
84 83
83 62
62 69
69 70
70 84
84 100
100 102
102 108
108 98
98 85
85 95
95 115
115 122
122 125
125 116
116 116
116 99
99 92
92 74
74 65
65 56
56 59
59 59
59 51
51 48
48 34
34 63
63 91
91 99
99 116
116 109
109 113
113 115
115 112
112 109
109 105
105 98
98 97
97 97
97 84
84 91
91 79
79 78
78 81
81 90
90 73
73 86
86 78
78 69
69 56
56 46
46 41
41 38
38 52
52 71
71 84
84 81
81 89
89 94
94 100
100 91
91 94
94 96
96 69
69 58
58 59
59 62
62 66
66 68
68 52
52 47
47 34
34 30
30 45
45 51
51 37
37 43
43 37
37 35
35 36
36 32
32 22
22 34
34 73
73 85
85 119
119 121
121 128
128 134
134 126
126 114
114 95
95 97
97 92
92 82
82 73
73 88
88 68
68 80
80 88
88 97
97 92
92 100
100 101
101 90
90 88
88 86
86 86
86 88
88 76
76 80
80 84
84 93
93 105
105 96
96 93
93 82
82 85
85 81
81 86
86 77
77 67
67 56
56 60
60 56
56 60
60 69
69 72
72 70
70 78
78 73
73 63
63 42
42 40
40 46
46 51
51 51
51 54
54 58
58 61
61 67
67 67
67 75
75 67
67 75
75 89
89 79
79 81
81 87
87 79
79 56
56 37
37 22
22 15
15 13
13 13
13 34
34 49
49 51
51 89
89 98
98 93
93 96
96 98
98 88
88 53
53 62
62 54
54 41
41 38
38 33
33 32
32 42
42 69
69 77
77 75
75 74
74 81
81 87
87 120
120 125
125 116
116 85
85 59
59 51
51 37
37 32
32 24
24 14
14 33
33 25
25 19
19 22
22 33
33 53
53 66
66 59
59 74
74 91
91 97
97 96
96 105
105 102
102 101
101 82
82 75
75 83
83 72
72 55
55 46
46 47
47 37
37 18
18 10
10 10
10 10
10 13
13 17
17 16
16 15
15 24
24 26
26 27
27 51
51 50
50 59
59 59
59 67
67 69
69 79
79 70
70 58
58 61
61 66
66 80
80 73
73 58
58 45
45 40
40 38
38 31
31 35
35 35
35 51
51 63
63 66
66 63
63 67
67 80
80 82
82 71
71 66
66 58
58 68
68 66
66 61
61 55
55 60
60 59
59 47
47 45
45 46
46 38
38 40
40 36
36 35
35 27
27 49
49 43
43 47
47 59
59 65
65 73
73 58
58 60
60 39
39 29
29 22
22 29
29 28
28 28
28 23
23 31
31 42
42 42
42 56
56 53
53 44
44 49
49 48
48 49
49 37
37 30
30 26
26 24
24 22
22 23
23 22
22 14
14 12
12 12
12 16
16 9
9 12
12 9
9 10
10 10
10 10
10 23
23 21
21 19
19 15
15 15
15 14
14 14
14 16
16 23
23 43
43 43
43 49
49 52
52 48
48 46
46 64
64 95
95 87
87 100
100 90
90 71
71 65
65 70
70 76
76 58
58 65
65 56
56 37
37 31
31 52
52 56
56 41
41 37
37 44
44 63
63 73
73 61
61 58
58 55
55 43
43 50
50 39
39 29
29 23
23 30
30 28
28 13
13 19
19 18
18 20
20 30
30 33
33 34
34 33
33 26
26 25
25 14
14 15
15 21
21 22
22 27
27 32
32 37
37 37
37 42
42 43
43 56
56 56
56 53
53 54
54 40
40 46
46 44
44 55
55 69
69 92
92 67
67 56
56 60
60 66
66 63
63 55
55 65
65 57
57 53
53 46
46 31
31 21
21 17
17 23
23 8
8 20
20 22
22 28
28 18
18 27
27 37
37 44
44 54
54 63
63 75
75 62
62 69
69 61
61 73
73 75
75 99
99 86
86 77
77 93
93 103
103 104
104 101
101 94
94 81
81 66
66 47
47 42
42 41
41 45
45 36
36 35
35 29
29 25
25 30
30 28
28 35
35 53
53 65
65 60
60 70
70 66
66 67
67 58
58 49
49 43
43 38
38 26
26 29
29 31
31 38
38 44
44 38
38 40
40 46
46 41
41 40
40 32
32 29
29 36
36 46
46 39
39 34
34 37
37 43
43 42
42 28
28 16
16 19
19 35
35 33
33 34
34 29
29 32
32 38
38 46
46 49
49 56
56 62
62 54
54 50
50 60
60 52
52 46
46 41
41 29
29 32
32 40
40 36
36 18
18 26
26 22
22 22
22 18
18 13
13 8
8 17
17 24
24 22
22 32
32 37
37 24
24 15
15 14
14 0
0 0
0 0
0 17
17 0
0 0
0 0
0 7
7 0
0 0
0 8
8 8
8 9
9 11
11 10
10 13
13 12
12 19
19 12
12 17
17 17
17 21
21 28
28 31
31 38
38 37
37 40
40 30
30 30
30 31
31 15
15 14
14 26
26 18
18 35
35 26
26 12
12 9
9 10
10 14
14 19
19 12
12 17
17 19
19 27
27 32
32 31
31 30
30 33
33 39
39 33
33 28
28 25
25 25
25 21
21 19
19 9
9 9
9 0
0 0
0 0
0 9
9 12
12 24
24 0
0 0
0 0
0 0
0 0
0 12
12 16
16 43
43 43
43 50
50 63
63 53
53 59
59 58
58 54
54 52
52 42
42 37
37 30
30 19
19 12
12 15
15 24
24 37
37 28
28 15
15 10
10 15
15 0
0 0
0 32
32 43
43 39
39 41
41 27
27 27
27 47
47 60
60 49
49 60
60 72
72 68
68 59
59 45
45 43
43 54
54 53
53 48
48 27
27 29
29 27
27 19
19 16
16 14
14 12
12 17
17 14
14 16
16 26
26 27
27 0
0 11
11 10
10 13
13 14
14 18
18 17
17 13
13 12
12 12
12 15
15 20
20 36
36 39
39 44
44 42
42 43
43 41
41 39
39 43
43 30
30 19
19 10
10 23
23 12
12 12
12 12
12 11
11 13
13 7
7 12
12 0
0 38
38 49
49 59
59 53
53 65
65 57
57 57
57 47
47 41
41 31
31 19
19 10
10 9
9 9
9 8
8 8
8 12
12 22
22 14
14 0
0 0
0 11
11 12
12 14
14 16
16 26
26 28
28 21
21 16
16 22
22 16
16 18
18 16
16 27
27 48
48 53
53 46
46 44
44 50
50 49
49 48
48 45
45 48
48 60
60 57
57 51
51 39
39 55
55 56
56 49
49 41
41 29
29 28
28 28
28 27
27 56
56 57
57 57
57 17
17 17
17 0
0 45
45 48
48 34
34 28
28 31
31 24
24 17
17 16
16 23
23 24
24 16
16 17
17 8
8 9
9 8
8 8
8 10
10 19
19 15
15 9
9 7
7 8
8 8
8 8
8 18
18 17
17 20
20 55
55 59
59 92
92 11
11 9
9 0
0 10
10 15
15 12
12 20
20 25
25 42
42 44
44 57
57 51
51 40
40 35
35 32
32 26
26 35
35 34
34 33
33 21
21 18
18 30
30 21
21 30
30 36
36 43
43 29
29 17
17 11
11 10
10 10
10 10
10 8
8 11
11 14
14 11
11 15
15 7
7 9
9 9
9 8
8 9
9 10
10 8
8 11
11 12
12 17
17 23
23 35
35 42
42 51
51 55
55 53
53 54
54 60
60 49
49 30
30 23
23 25
25 18
18 31
31 32
32 35
35 41
41 38
38 35
35 35
35 34
34 16
16 12
12 19
19 23
23 13
13 14
14 11
11 17
17 22
22 26
26 33
33 31
31 46
46 46
46 45
45 47
47 42
42 30
30 28
28 26
26 32
32 41
41 51
51 56
56 55
55 65
65 61
61 38
38 36
36 20
20 10
10 0
0 8
8 12
12 10
10 10
10 17
17 13
13 16
16 35
35 38
38 41
41 42
42 45
45 44
44 44
44 42
42 41
41 28
28 19
19 23
23 23
23 22
22 13
13 17
17 19
19 10
10 0
0 0
0 0
0 0
0 0
0 0
0 10
10 18
18 31
31 34
34 42
42 46
46 48
48 41
41 34
34 25
25 13
13 11
11 0
0 0
0 0
0 0
0 8
8 0
0 0
0 0
0 9
9 0
0 0
0 8
8 10
10 9
9 8
8 9
9 10
10 11
11 12
12 26
26 26
26 27
27 36
36 40
40 43
43 40
40 35
35 27
27 13
13 10
10 0
0 0
0 0
0 0
0 0
0 9
9 12
12 10
10 9
9 8
8 9
9 12
12 14
14 30
30 24
24 28
28 28
28 24
24 30
30 24
24 20
20 17
17 12
12 0
0 0
0 7
7 9
9 18
18 13
13 15
15 17
17 16
16 13
13 13
13 12
12 10
10 9
9 14
14 23
23 30
30 25
25 14
14 14
14 22
22 27
27 29
29 25
25 28
28 21
21 18
18 13
13 11
11 13
13 19
19 17
17 16
16 14
14 21
21 23
23 14
14 11
11 0
0 0
0 0
0 7
7 8
8 0
0 0
0 0
0 10
10 14
14 15
15 17
17 16
16 16
16 22
22 18
18 13
13 9
9 10
10 11
11 0
0 9
9 0
0 12
12 21
21 13
13 0
0 0
0 8
8 0
0 8
8 15
15 31
31 30
30 41
41 32
32 24
24 14
14 13
13 11
11 9
9 8
8 8
8 16
16 16
16 8
8 8
8 0
0 0
0 0
0 0
0 9
9 8
8 0
0 10
10 8
8 0
0 0
0 11
11 21
21 22
22 30
30 29
29 30
30 26
26 25
25 26
26 9
9 9
9 8
8 0
0 0
0 0
0 0
0 0
0 0
0 10
10 9
9 22
22 29
29 48
48 57
57 58
58 54
54 31
31 43
43 37
37 28
28 21
21 18
18 26
26 26
26 26
26 25
25 22
22 22
22 12
12 10
10 9
9 0
0 10
10 0
0 8
8 8
8 0
0 0
0 8
8 8
8 8
8 9
9 12
12 9
9 8
8 8
8 8
8 20
20 22
22 33
33 23
23 10
10 10
10 9
9 9
9 9
9 0
0 0
0 0
0 0
0 11
11 12
12 92
92 16
16 12
12 16
16 16
16 14
14 10
10 10
10 8
8 19
19 17
17 18
18 11
11 10
10 9
9 8
8 0
0 0
0 0
0 0
0 8
8 9
9 9
9 8
8 0
0 12
12 17
17 18
18 17
17 9
9 10
10 0
0 0
0 12
12 19
19 30
30 48
48 47
47 41
41 35
35 19
19 11
11 0
0 0
0 0
0 0
0 0
0 0
0 0
0 0
0 0
0 0
0 9
9 0
0 0
0 11
11 9
9 9
9 9
9 10
10 9
9 16
16 11
11 9
9 9
9 7
7 0
0 0
0 0
0 0
0 0
0 0
0 0
0 0
0 0
0 0
0 0
0 7
7 0
0 0
0 0
0 0
0 8
8 10
10 8
8 8
8 17
17 13
13 8
8 7
7 8
8 9
9 0
0 0
0 0
0 9
9 0
0 14
14 9
9 0
0 0
0 0
0 16
16 16
16 16
16 13
13 12
12 10
10 9
9 9
9 8
8 0
0 12
12 16
16 16
16 14
14 13
13 23
23 21
21 18
18 10
10 0
0 0
0 0
0 10
10 11
11 8
8 0
0 0
0 0
0 0
0 0
0 0
0 0
0 9
9 8
8 0
0 0
0 0
0 10
10 19
19 11
11 18
18 12
12 12
12 8
8 8
8 0
0 0
0 0
0 0
0 0
0 0
0 0
0 0
0 0
0 0
0 0
0 11
11 12
12 13
13 12
12 14
14 18
18 16
16 15
15 14
14 11
11 9
9 8
8 8
8 0
0 8
8 0
0 0
0 0
0 0
0 0
0 0
0 0
0 0
0 0
0 0
0 0
0 8
8 8
8 8
8 9
9 11
11 23
23 20
20 20
20 25
25 12
12 9
9 9
9 0
0 0
0 0
0 0
0 0
0 10
10 17
17 8
8 8
8 8
8 17
17 18
18 17
17 18
18 18
18 18
18 17
17 17
17 8
8 10
10 9
9 0
0 8
8 0
0 14
14 26
26 27
27 26
26 20
20 13
13 9
9 0
0 0
0 0
0 0
0 0
0 0
0 0
0 0
0 0
0 0
0 0
0 0
0 8
8 9
9 12
12 15
15 19
19 21
21 19
19 23
23 23
23 21
21 16
16 10
10 17
17 11
11 14
14 15
15 21
21 17
17 12
12 21
21 19
19 10
10 11
11 9
9 11
11 10
10 10
10 9
9 10
10 16
16 10
10 13
13 13
13 11
11 11
11 14
14 19
19 13
13 9
9 7
7 0
0 0
0 0
0 12
12 0
0 0
0 0
0 0
0 8
8 0
0 0
0 0
0 0
0 0
0 0
0 0
0 0
0 0
0 0
0 0
0 0
0 0
0 0
0 0
0 0
0 0
0 0
0 0
0 0
0 0
0 0
0 0
0 0
0 0
0 0
0 0
0 0
0 0
0 0
0 0
0 0
0 0
0 0
0 0
0 0
0 0
0 0
0 0
0 0
0 0
0 0
0 9
9 10
10 9
9 0
0 0
0 0
0 0
0 0
0 0
0 0
0 0
0 0
0 0
0 0
0 0
0 8
8 12
12 14
14 11
11 11
11 0
0 20
20 40
40 18
18 9
9 10
10 9
9 18
18 24
24 44
44 45
45 57
57 52
52 45
45 34
34 31
31 25
25 23
23 12
12 0
0 0
0 0
0 0
0 0
0 13
13 17
17 16
16 28
28 29
29 32
32 27
27 29
29 24
24 28
28 32
32 23
23 15
15 21
21 21
21 11
11 12
12 0
0 0
0 0
0 0
0 0
0 0
0 0
0 0
0 0
0 0
0 11
11 10
10 12
12 8
8 0
0 9
9 9
9 7
7 0
0 0
0 0
0 11
11 17
17 8
8 11
11 0
0 0
0 0
0 0
0 0
0 9
9 8
8 8
8 9
9 0
0 10
10 11
11 10
10 9
9 23
23 30
30 31
31 23
23 18
18 15
15 8
8 8
8 0
0 0
0 0
0 0
0 0
0 0
0 9
9 0
0 8
8 8
8 7
7 0
0 0
0 0
0 7
7 8
8 0
0 0
0 0
0 0
0 0
0 0
0 0
0 0
0 8
8 10
10 19
19 18
18 12
12 13
13 15
15 14
14 13
13 25
25 11
11 12
12 12
12 0
0 9
9 0
0 0
0 0
0 0
0 0
0 0
0 10
10 14
14 18
18 20
20 17
17 17
17 31
31 37
37 27
27 25
25 20
20 11
11 10
10 21
21 24
24 23
23 12
12 22
22 24
24 28
28 26
26 13
13 9
9 11
11 0
0 0
0 0
0 9
9 9
9 8
8 17
17 11
11 12
12 8
8 0
0 0
0 0
0 0
0 8
8 9
9 8
8 8
8 10
10 9
9 17
17 16
16 10
10 12
12 13
13 11
11 17
17 17
17 21
21 27
27 39
39 52
52 48
48 40
40 30
30 29
29 35
35 25
25 17
17 14
14 12
12 19
19 20
20 22
22 15
15 11
11 11
11 12
12 12
12 19
19 16
16 8
8 8
8 16
16 18
18 19
19 19
19 20
20 13
13 18
18 10
10 8
8 7
7 0
0 9
9 9
9 19
19 15
15 12
12 8
8 8
8 0
0 0
0 0
0 8
8 9
9 8
8 10
10 26
26 16
16 17
17 13
13 0
0 0
0 0
0 9
9 0
0 0
0 7
7 7
7 0
0 11
11 0
0 11
11 20
20 29
29 39
39 34
34 25
25 11
11 11
11 0
0 0
0 0
0 8
8 13
13 9
9 17
17 36
36 41
41 45
45 38
38 21
21 36
36 48
48 46
46 39
39 37
37 21
21 18
18 16
16 9
9 8
8 9
9 8
8 9
9 0
0 15
15 21
21 24
24 33
33 35
35 43
43 53
53 65
65 59
59 48
48 42
42 50
50 56
56 68
68 87
87 91
91 93
93 86
86 88
88 85
85 70
70 65
65 61
61 49
49 33
33 16
16 14
14 26
26 45
45 42
42 42
42 49
49 26
26 30
30 18
18 16
16 19
19 25
25 21
21 21
21 21
21 21
21 18
18 17
17 16
16 20
20 22
22 24
24 25
25 29
29 28
28 28
28 34
34 40
40 35
35 25
25 21
21 20
20 9
9 0
0 10
10 11
11 11
11 23
23 33
33 30
30 38
38 35
35 43
43 53
53 54
54 59
59 51
51 50
50 43
43 37
37 25
25 19
19 29
29 20
20 26
26 38
38 30
30 29
29 44
44 43
43 43
43 40
40 41
41 47
47 55
55 49
49 30
30 26
26 31
31 39
39 42
42 31
31 46
46 41
41 33
33 36
36 32
32 38
38 40
40 58
58 67
67 57
57 61
61 68
68 53
53 42
42 41
41 35
35 34
34 20
20 15
15 19
19 22
22 32
32 45
45 52
52 42
42 37
37 41
41 38
38 41
41 45
45 45
45 39
39 31
31 23
23 20
20 10
10 1
1 0
0 0
0 0
0 10
10 27
27 38
38 36
36 30
30 32
32 52
52 52
52 46
46 39
39 17
17 14
14 16
16 40
40 66
66 75
75 67
67 61
61 53
53 47
47 28
28 18
18 17
17 15
15 28
28 28
28 22
22 30
30 27
27 28
28 33
33 42
42 40
40 47
47 47
47 76
76 65
65 62
62 58
58 52
52 35
35 28
28 21
21 28
28 39
39 59
59 58
58 45
45 43
43 54
54 59
59 67
67 35
35 36
36 32
32 29
29 36
36 33
33 35
35 50
50 56
56 72
72 74
74 79
79 63
63 60
60 59
59 64
64 67
67 62
62 69
69 72
72 55
55 59
59 59
59 52
52 51
51 56
56 58
58 46
46 55
55 56
56 59
59 57
57 51
51 59
59 63
63 93
93 106
106 122
122 108
108 96
96 80
80 64
64 70
70 65
65 61
61 46
46 23
23 31
31 30
30 34
34 32
32 26
26 14
14 20
20 13
13 12
12 28
28 36
36 46
46 57
57 73
73 74
74 73
73 79
79 76
76 71
71 63
63 54
54 43
43 58
58 73
73 80
80 82
82 80
80 79
79 71
71 67
67 56
56 43
43 26
26 21
21 28
28 32
32 41
41 43
43 51
51 33
33 28
28 40
40 49
49 49
49 57
57 55
55 74
74 79
79 72
72 66
66 66
66 81
81 77
77 76
76 83
83 91
91 69
69 53
53 49
49 67
67 55
55 52
52 60
60 64
64 51
51 53
53 45
45 75
75 83
83 100
100 108
108 109
109 101
101 94
94 95
95 95
95 100
100 94
94 74
74 51
51 38
38 32
32 49
49 57
57 55
55 44
44 41
41 55
55 67
67 59
59 42
42 35
35 69
69 78
78 91
91 90
90 79
79 68
68 63
63 65
65 85
85 74
74 57
57 68
68 64
64 76
76 68
68 66
66 70
70 98
98 104
104 97
97 125
125 119
119 118
118 121
121 92
92 94
94 73
73 94
94 87
87 83
83 101
101 91
91 89
89 81
81 84
84 79
79 73
73 87
87 100
100 96
96 102
102 117
117 109
109 100
100 85
85 79
79 68
68 80
80 112
112 116
116 125
125 119
119 112
112 96
96 92
92 95
95 78
78 60
60 56
56 74
74 70
70 93
93 114
114 125
125 138
138 135
135 117
117 105
105 82
82 76
76 85
85 60
60 41
41 30
30 32
32 25
25 19
19 30
30 54
54 66
66 92
92 84
84 60
60 51
51 42
42 48
48 66
66 84
84 93
93 98
98 105
105 96
96 81
81 63
63 49
49 50
50 39
39 31
31 32
32 18
18 23
23 54
54 54
54 52
52 37
37 41
41 56
56 88
88 95
95 98
98 103
103 92
92 71
71 68
68 66
66 73
73 88
88 94
94 95
95 76
76 53
53 51
51 35
35 46
46 33
33 41
41 47
47 59
59 85
85 106
106 114
114 105
105 99
99 31
31 108
108 99
99 101
101 86
86 68
68 89
89 95
95 119
119 109
109 108
108 105
105 102
102 84
84 83
83 72
72 60
60 49
49 60
60 50
50 50
50 43
43 39
39 47
47 58
58 66
66 81
81 100
100 121
121 96
96 99
99 92
92 64
64 68
68 58
58 65
65 64
64 48
48 64
64 51
51 47
47 46
46 32
32 35
35 41
41 65
65 83
83 83
83 93
93 102
102 121
121 120
120 114
114 108
108 87
87 68
68 31
31 30
30 28
28 28
28 24
24 24
24 30
30 29
29 25
25 19
19 15
15 12
12 19
19 28
28 36
36 41
41 60
60 78
78 115
115 134
134 138
138 144
144 133
133 122
122 105
105 85
85 86
86 74
74 47
47 42
42 38
38 44
44 51
51 59
59 77
77 77
77 88
88 102
102 96
96 99
99 79
79 43
43 41
41 63
63 61
61 76
76 87
87 76
76 94
94 91
91 97
97 99
99 96
96 101
101 78
78 71
71 61
61 30
30 41
41 37
37 31
31 24
24 37
37 51
51 55
55 51
51 44
44 39
39 48
48 71
71 81
81 92
92 82
82 89
89 104
104 90
90 75
75 76
76 81
81 74
74 63
63 67
67 75
75 55
55 50
50 50
50 42
42 40
40 42
42 51
51 45
45 47
47 55
55 55
55 61
61 66
66 76
76 92
92 80
80 84
84 88
88 104
104 142
142 152
152 149
149 136
136 134
134 122
122 101
101 94
94 105
105 105
105 99
99 93
93 94
94 96
96 109
109 98
98 86
86 85
85 92
92 114
114 119
119 119
119 115
115 107
107 109
109 137
137 135
135 131
131 140
140 144
144 146
146 123
123 131
131 160
160 146
146 159
159 153
153 152
152 147
147 139
139 120
120 97
97 80
80 79
79 62
62 79
79 106
106 144
144 195
195 194
194 182
182 172
172 169
169 160
160 148
148 141
141 146
146 142
142 134
134 130
130 122
122 117
117 113
113 115
115 112
112 115
115 130
130 103
103 84
84 80
80 77
77 79
79 90
90 79
79 77
77 79
79 94
94 97
97 113
113 119
119 100
100 115
115 144
144 161
161 165
165 146
146 166
166 165
165 151
151 127
127 127
127 110
110 100
100 98
98 76
76 54
54 52
52 60
60 67
67 57
57 49
49 44
44 36
36 38
38 42
42 48
48 58
58 68
68 76
76 86
86 129
129 136
136 128
128 147
147 152
152 150
150 109
109 94
94 82
82 77
77 69
69 71
71 58
58 69
69 76
76 73
73 74
74 76
76 85
85 102
102 112
112 113
113 111
111 99
99 99
99 86
86 65
65 44
44 60
60 57
57 41
41 29
29 31
31 35
35 46
46 52
52 58
58 50
50 64
64 68
68 77
77 124
124 136
136 138
138 113
113 131
131 130
130 126
126 145
145 157
157 151
151 115
115 122
122 125
125 114
114 109
109 113
113 97
97 86
86 79
79 90
90 120
120 143
143 140
140 135
135 137
137 155
155 129
129 115
115 99
99 81
81 95
95 102
102 103
103 123
123 146
146 169
169 206
206 205
205 188
188 164
164 146
146 153
153 171
171 166
166 159
159 164
164 152
152 142
142 137
137 110
110 103
103 102
102 95
95 124
124 78
78 93
93 31
31 103
103 99
99 70
70 57
57 51
51 63
63 59
59 78
78 87
87 110
110 101
101 89
89 102
102 104
104 92
92 94
94 102
102 99
99 100
100 102
102 93
93 94
94 89
89 97
97 93
93 84
84 69
69 62
62 75
75 48
48 57
57 48
48 51
51 54
54 64
64 73
73 85
85 85
85 75
75 76
76 65
65 90
90 134
134 153
153 164
164 157
157 163
163 131
131 120
120 114
114 95
95 88
88 84
84 82
82 80
80 85
85 77
77 70
70 60
60 61
61 51
51 58
58 71
71 64
64 81
81 99
99 104
104 136
136 130
130 128
128 109
109 122
122 114
114 113
113 108
108 119
119 118
118 131
131 109
109 104
104 89
89 76
76 92
92 100
100 95
95 123
123 131
131 144
144 150
150 151
151 162
162 138
138 130
130 114
114 113
113 113
113 129
129 155
155 145
145 146
146 137
137 127
127 122
122 121
121 115
115 103
103 100
100 95
95 101
101 126
126 150
150 148
148 156
156 182
182 188
188 185
185 170
170 155
155 169
169 148
148 148
148 164
164 187
187 193
193 177
177 164
164 129
129 108
108 94
94 100
100 108
108 102
102 96
96 113
113 118
118 114
114 105
105 98
98 110
110 94
94 103
103 121
121 128
128 145
145 170
170 160
160 151
151 136
136 118
118 124
124 100
100 100
100 91
91 80
80 76
76 71
71 71
71 42
42 52
52 64
64 99
99 120
120 133
133 133
133 161
161 193
193 205
205 189
189 170
170 161
161 167
167 180
180 163
163 143
143 132
132 134
134 115
115 117
117 106
106 124
124 117
117 93
93 67
67 85
85 79
79 75
75 101
101 95
95 99
99 105
105 120
120 122
122 119
119 151
151 147
147 156
156 171
171 158
158 142
142 139
139 147
147 145
145 159
159 147
147 127
127 124
124 119
119 111
111 129
129 138
138 115
115 109
109 114
114 145
145 141
141 124
124 114
114 127
127 154
154 177
177 177
177 179
179 215
215 202
202 186
186 194
194 164
164 148
148 197
197 224
224 228
228 246
246 241
241 231
231 216
216 199
199 171
171 177
177 133
133 126
126 120
120 113
113 112
112 93
93 106
106 110
110 107
107 110
110 144
144 143
143 164
164 140
140 128
128 154
154 165
165 170
170 176
176 204
204 183
183 178
178 152
152 140
140 133
133 106
106 77
77 67
67 67
67 77
77 81
81 79
79 113
113 132
132 138
138 144
144 157
157 142
142 118
118 128
128 134
134 114
114 114
114 110
110 85
85 63
63 42
42 26
26 35
35 55
55 60
60 77
77 85
85 108
108 112
112 121
121 124
124 137
137 142
142 160
160 163
163 153
153 161
161 162
162 142
142 119
119 100
100 115
115 164
164 153
153 150
150 128
128 97
97 66
66 72
72 71
71 57
57 82
82 122
122 121
121 104
104 83
83 92
92 97
97 95
95 90
90 94
94 97
97 89
89 85
85 82
82 88
88 73
73 80
80 106
106 113
113 108
108 111
111 140
140 147
147 141
141 130
130 133
133 108
108 122
122 127
127 95
95 101
101 90
90 72
72 70
70 84
84 98
98 95
95 94
94 116
116 125
125 110
110 120
120 113
113 91
91 98
98 74
74 59
59 84
84 106
106 123
123 138
138 116
116 109
109 118
118 72
72 65
65 57
57 68
68 57
57 58
58 62
62 72
72 89
89 114
114 135
135 153
153 145
145 151
151 138
138 118
118 127
127 116
116 107
107 102
102 115
115 108
108 121
121 118
118 118
118 110
110 111
111 87
87 89
89 94
94 88
88 98
98 110
110 130
130 131
131 105
105 115
115 101
101 115
115 117
117 111
111 92
92 100
100 75
75 59
59 60
60 73
73 61
61 81
81 93
93 112
112 118
118 106
106 84
84 97
97 102
102 90
90 70
70 86
86 78
78 78
78 92
92 91
91 105
105 110
110 111
111 111
111 114
114 105
105 100
100 71
71 71
71 68
68 75
75 73
73 71
71 76
76 75
75 76
76 94
94 81
81 59
59 56
56 56
56 58
58 50
50 51
51 52
52 53
53 75
75 92
92 104
104 91
91 85
85 63
63 79
79 97
97 90
90 95
95 74
74 80
80 75
75 70
70 51
51 61
61 66
66 80
80 88
88 85
85 113
113 149
149 186
186 218
218 241
241 235
235 233
233 231
231 205
205 186
186 166
166 169
169 134
134 133
133 110
110 100
100 115
115 110
110 114
114 115
115 103
103 98
98 92
92 75
75 58
58 28
28 38
38 62
62 86
86 116
116 109
109 106
106 109
109 119
119 119
119 128
128 107
107 113
113 112
112 107
107 118
118 115
115 132
132 118
118 92
92 79
79 55
55 63
63 60
60 80
80 84
84 85
85 102
102 96
96 99
99 95
95 93
93 85
85 82
82 95
95 121
121 134
134 118
118 112
112 118
118 124
124 103
103 85
85 75
75 69
69 58
58 99
99 99
99 96
96 106
106 119
119 129
129 142
142 168
168 159
159 173
173 171
171 160
160 180
180 186
186 191
191 178
178 153
153 141
141 136
136 144
144 151
151 155
155 145
145 131
131 114
114 107
107 89
89 74
74 65
65 74
74 83
83 80
80 71
71 62
62 45
45 47
47 54
54 71
71 70
70 69
69 90
90 111
111 99
99 102
102 113
113 123
123 127
127 122
122 118
118 96
96 100
100 101
101 90
90 79
79 61
61 60
60 63
63 46
46 57
57 52
52 62
62 81
81 93
93 115
115 130
130 120
120 118
118 117
117 104
104 99
99 112
112 112
112 91
91 93
93 106
106 127
127 117
117 106
106 100
100 101
101 110
110 112
112 119
119 116
116 92
92 101
101 112
112 121
121 96
96 99
99 115
115 103
103 106
106 120
120 108
108 120
120 141
141 166
166 182
182 166
166 150
150 126
126 149
149 150
150 148
148 130
130 121
121 112
112 136
136 143
143 183
183 173
173 164
164 186
186 200
200 193
193 175
175 176
176 170
170 159
159 165
165 168
168 144
144 135
135 132
132 114
114 104
104 103
103 77
77 79
79 98
98 113
113 127
127 108
108 115
115 123
123 121
121 126
126 131
131 143
143 160
160 154
154 135
135 143
143 135
135 151
151 154
154 143
143 139
139 120
120 103
103 93
93 96
96 100
100 100
100 111
111 130
130 140
140 123
123 152
152 149
149 149
149 145
145 121
121 118
118 118
118 117
117 90
90 85
85 92
92 81
81 87
87 80
80 87
87 80
80 67
67 73
73 84
84 76
76 115
115 121
121 123
123 133
133 149
149 150
150 145
145 158
158 142
142 138
138 140
140 141
141 115
115 106
106 117
117 119
119 101
101 108
108 120
120 119
119 115
115 99
99 101
101 120
120 135
135 133
133 157
157 143
143 167
167 164
164 156
156 137
137 134
134 135
135 136
136 135
135 136
136 142
142 118
118 98
98 90
90 100
100 121
121 115
115 129
129 129
129 124
124 122
122 104
104 87
87 74
74 86
86 99
99 109
109 118
118 120
120 140
140 115
115 97
97 106
106 118
118 121
121 116
116 119
119 112
112 113
113 135
135 159
159 153
153 151
151 125
125 104
104 104
104 110
110 105
105 109
109 110
110 104
104 92
92 103
103 79
79 91
91 80
80 78
78 95
95 81
81 84
84 94
94 99
99 121
121 123
123 107
107 97
97 109
109 78
78 112
112 114
114 106
106 112
112 93
93 79
79 74
74 78
78 103
103 90
90 92
92 87
87 100
100 94
94 88
88 92
92 76
76 85
85 95
95 93
93 106
106 111
111 109
109 101
101 115
115 107
107 114
114 111
111 125
125 116
116 130
130 126
126 127
127 127
127 136
136 138
138 134
134 148
148 142
142 152
152 162
162 144
144 150
150 138
138 113
113 94
94 106
106 104
104 102
102 95
95 93
93 114
114 150
150 147
147 101
101 88
88 71
71 87
87 85
85 102
102 114
114 149
149 166
166 172
172 149
149 157
157 142
142 126
126 133
133 138
138 130
130 104
104 76
76 74
74 84
84 86
86 93
93 93
93 107
107 121
121 137
137 136
136 128
128 127
127 121
121 123
123 119
119 114
114 103
103 120
120 124
124 129
129 133
133 150
150 126
126 135
135 135
135 127
127 113
113 88
88 68
68 75
75 55
55 73
73 70
70 80
80 60
60 87
87 79
79 74
74 57
57 57
57 65
65 74
74 76
76 74
74 66
66 60
60 66
66 72
72 58
58 61
61 80
80 82
82 88
88 75
75 66
66 63
63 64
64 58
58 61
61 52
52 72
72 78
78 96
96 99
99 91
91 92
92 83
83 77
77 77
77 91
91 121
121 129
129 133
133 164
164 182
182 192
192 181
181 174
174 148
148 137
137 132
132 121
121 95
95 84
84 87
87 88
88 76
76 73
73 73
73 99
99 117
117 134
134 177
177 185
185 174
174 186
186 179
179 164
164 140
140 127
127 114
114 123
123 99
99 98
98 79
79 80
80 81
81 82
82 97
97 106
106 120
120 136
136 147
147 144
144 132
132 118
118 120
120 124
124 116
116 118
118 109
109 109
109 109
109 87
87 97
97 99
99 116
116 121
121 112
112 114
114 106
106 108
108 112
112 103
103 111
111 90
90 90
90 80
80 76
76 64
64 58
58 70
70 67
67 60
60 76
76 81
81 79
79 101
101 106
106 129
129 121
121 122
122 119
119 114
114 116
116 128
128 110
110 118
118 120
120 122
122 93
93 88
88 77
77 73
73 77
77 81
81 84
84 87
87 114
114 120
120 110
110 124
124 115
115 123
123 107
107 122
122 137
137 145
145 122
122 129
129 126
126 114
114 100
100 94
94 104
104 102
102 89
89 91
91 83
83 74
74 94
94 82
82 79
79 77
77 67
67 56
56 49
49 68
68 61
61 61
61 123
123 72
72 66
66 64
64 80
80 82
82 82
82 79
79 98
98 107
107 94
94 74
74 65
65 75
75 124
124 119
119 129
129 140
140 134
134 134
134 124
124 112
112 104
104 75
75 57
57 35
35 32
32 29
29 27
27 31
31 29
29 33
33 31
31 27
27 66
66 65
65 68
68 86
86 90
90 108
108 109
109 117
117 117
117 104
104 94
94 94
94 84
84 84
84 81
81 77
77 87
87 93
93 68
68 86
86 70
70 76
76 59
59 72
72 85
85 85
85 84
84 62
62 41
41 40
40 43
43 36
36 35
35 50
50 68
68 82
82 87
87 93
93 73
73 73
73 71
71 59
59 45
45 31
31 20
20 10
10 20
20 33
33 44
44 46
46 34
34 28
28 28
28 32
32 30
30 43
43 34
34 48
48 59
59 57
57 80
80 65
65 63
63 79
79 66
66 89
89 71
71 69
69 56
56 45
45 58
58 63
63 62
62 41
41 43
43 39
39 29
29 23
23 8
8 27
27 33
33 52
52 70
70 81
81 91
91 112
112 112
112 102
102 93
93 103
103 90
90 72
72 60
60 52
52 48
48 34
34 42
42 38
38 25
25 37
37 38
38 35
35 29
29 16
16 19
19 27
27 34
34 45
45 58
58 75
75 73
73 73
73 89
89 86
86 103
103 100
100 109
109 98
98 99
99 86
86 95
95 96
96 93
93 78
78 65
65 33
33 20
20 17
17 36
36 38
38 41
41 43
43 50
50 51
51 39
39 44
44 48
48 61
61 50
50 65
65 57
57 37
37 39
39 52
52 57
57 62
62 56
56 44
44 42
42 42
42 38
38 40
40 47
47 59
59 86
86 98
98 101
101 111
111 111
111 116
116 115
115 96
96 81
81 63
63 57
57 56
56 68
68 76
76 74
74 62
62 61
61 66
66 68
68 76
76 82
82 93
93 93
93 94
94 92
92 100
100 97
97 80
80 67
67 56
56 63
63 85
85 89
89 90
90 74
74 61
61 68
68 96
96 96
96 105
105 105
105 112
112 121
121 128
128 161
161 146
146 123
123 100
100 78
78 47
47 28
28 33
33 50
50 43
43 38
38 42
42 49
49 56
56 76
76 73
73 87
87 83
83 78
78 69
69 70
70 72
72 72
72 71
71 70
70 63
63 67
67 73
73 74
74 67
67 58
58 62
62 58
58 69
69 76
76 82
82 82
82 89
89 90
90 95
95 85
85 74
74 65
65 46
46 46
46 47
47 50
50 39
39 37
37 30
30 25
25 17
17 25
25 34
34 29
29 30
30 33
33 42
42 46
46 58
58 58
58 52
52 46
46 50
50 57
57 65
65 64
64 67
67 77
77 79
79 71
71 74
74 66
66 76
76 68
68 62
62 49
49 50
50 41
41 41
41 43
43 47
47 45
45 44
44 25
25 13
13 13
13 13
13 19
19 30
30 41
41 41
41 47
47 59
59 58
58 61
61 75
75 88
88 89
89 133
133 165
165 167
167 167
167 160
160 124
124 112
112 72
72 52
52 12
12 9
9 12
12 21
21 39
39 39
39 30
30 11
11 21
21 23
23 33
33 42
42 34
34 52
52 70
70 90
90 97
97 83
83 109
109 107
107 123
123 119
119 132
132 113
113 116
116 123
123 92
92 72
72 72
72 66
66 59
59 45
45 32
32 26
26 16
16 25
25 25
25 25
25 28
28 31
31 30
30 39
39 68
68 71
71 71
71 74
74 60
60 74
74 76
76 59
59 44
44 40
40 31
31 34
34 26
26 17
17 12
12 32
32 40
40 45
45 46
46 44
44 39
39 50
50 53
53 38
38 36
36 32
32 29
29 35
35 34
34 43
43 50
50 49
49 43
43 54
54 61
61 61
61 49
49 42
42 34
34 16
16 13
13 0
0 8
8 16
16 27
27 38
38 43
43 64
64 63
63 60
60 62
62 51
51 40
40 45
45 48
48 48
48 44
44 48
48 48
48 38
38 50
50 41
41 18
18 22
22 18
18 26
26 30
30 30
30 55
55 47
47 53
53 53
53 67
67 66
66 50
50 44
44 31
31 26
26 23
23 35
35 39
39 40
40 35
35 38
38 38
38 38
38 48
48 40
40 38
38 32
32 37
37 48
48 54
54 58
58 50
50 48
48 57
57 61
61 57
57 83
83 84
84 88
88 76
76 66
66 54
54 56
56 55
55 51
51 47
47 55
55 57
57 40
40 39
39 27
27 15
15 13
13 13
13 25
25 35
35 42
42 34
34 31
31 50
50 58
58 63
63 59
59 59
59 57
57 43
43 38
38 31
31 34
34 26
26 23
23 24
24 34
34 44
44 28
28 32
32 33
33 29
29 20
20 16
16 17
17 24
24 29
29 25
25 40
40 37
37 54
54 58
58 73
73 69
69 60
60 58
58 59
59 52
52 47
47 59
59 62
62 55
55 43
43 32
32 30
30 31
31 35
35 34
34 35
35 36
36 37
37 36
36 36
36 29
29 37
37 33
33 34
34 31
31 24
24 18
18 28
28 35
35 44
44 64
64 62
62 67
67 69
69 86
86 87
87 76
76 61
61 52
52 37
37 34
34 31
31 30
30 26
26 22
22 17
17 20
20 20
20 19
19 16
16 17
17 9
9 11
11 27
27 38
38 47
47 54
54 88
88 90
90 82
82 65
65 79
79 93
93 100
100 91
91 88
88 84
84 74
74 69
69 57
57 64
64 55
55 39
39 24
24 24
24 23
23 23
23 28
28 30
30 33
33 21
21 33
33 44
44 39
39 50
50 58
58 63
63 68
68 76
76 68
68 61
61 54
54 44
44 41
41 36
36 50
50 57
57 66
66 56
56 38
38 31
31 24
24 21
21 20
20 16
16 10
10 9
9 8
8 8
8 18
18 20
20 37
37 32
32 38
38 47
47 51
51 44
44 42
42 43
43 39
39 32
32 39
39 38
38 36
36 33
33 34
34 27
27 24
24 17
17 10
10 10
10 10
10 15
15 15
15 8
8 25
25 31
31 18
18 16
16 28
28 27
27 21
21 17
17 22
22 23
23 10
10 0
0 0
0 12
12 20
20 20
20 16
16 18
18 44
44 54
54 60
60 66
66 76
76 80
80 93
93 99
99 90
90 91
91 94
94 96
96 89
89 96
96 91
91 76
76 74
74 67
67 58
58 55
55 62
62 63
63 57
57 52
52 32
32 38
38 38
38 42
42 48
48 44
44 41
41 41
41 38
38 35
35 33
33 26
26 29
29 28
28 34
34 34
34 34
34 37
37 29
29 28
28 32
32 32
32 29
29 30
30 26
26 29
29 24
24 9
9 15
15 13
13 15
15 13
13 22
22 16
16 14
14 8
8 10
10 24
24 21
21 12
12 11
11 15
15 26
26 18
18 22
22 12
12 10
10 10
10 17
17 12
12 20
20 22
22 32
32 32
32 24
24 14
14 11
11 12
12 11
11 10
10 14
14 19
19 27
27 40
40 41
41 54
54 59
59 65
65 64
64 61
61 45
45 42
42 45
45 31
31 26
26 28
28 32
32 23
23 20
20 20
20 19
19 22
22 26
26 19
19 17
17 11
11 15
15 16
16 38
38 38
38 35
35 39
39 48
48 52
52 56
56 48
48 48
48 52
52 45
45 43
43 37
37 31
31 27
27 20
20 20
20 16
16 11
11 8
8 12
12 8
8 7
7 0
0 8
8 9
9 8
8 9
9 10
10 18
18 33
33 38
38 41
41 43
43 42
42 42
42 40
40 37
37 28
28 25
25 25
25 26
26 25
25 30
30 28
28 32
32 41
41 34
34 26
26 22
22 10
10 9
9 7
7 15
15 16
16 20
20 28
28 33
33 35
35 29
29 28
28 27
27 27
27 27
27 13
13 21
21 29
29 35
35 36
36 28
28 26
26 26
26 26
26 24
24 16
16 16
16 14
14 9
9 10
10 11
11 17
17 30
30 35
35 34
34 42
42 42
42 47
47 43
43 40
40 45
45 37
37 46
46 63
63 77
77 82
82 80
80 62
62 51
51 39
39 43
43 33
33 26
26 23
23 15
15 13
13 24
24 25
25 25
25 30
30 44
44 44
44 37
37 43
43 46
46 58
58 53
53 40
40 33
33 49
49 62
62 64
64 73
73 68
68 67
67 70
70 55
55 52
52 31
31 33
33 40
40 43
43 48
48 32
32 29
29 31
31 34
34 27
27 11
11 11
11 12
12 0
0 8
8 9
9 28
28 67
67 78
78 95
95 101
101 107
107 103
103 84
84 75
75 64
64 57
57 42
42 41
41 38
38 41
41 30
30 21
21 11
11 8
8 0
0 9
9 0
0 0
0 8
8 16
16 11
11 12
12 15
15 11
11 18
18 34
34 43
43 69
69 63
63 69
69 48
48 40
40 40
40 33
33 39
39 37
37 34
34 16
16 22
22 27
27 22
22 26
26 27
27 24
24 20
20 19
19 44
44 48
48 39
39 38
38 36
36 42
42 41
41 37
37 42
42 46
46 43
43 37
37 29
29 17
17 14
14 9
9 9
9 8
8 8
8 14
14 20
20 28
28 35
35 34
34 37
37 50
50 41
41 39
39 33
33 35
35 33
33 26
26 14
14 13
13 14
14 19
19 17
17 16
16 22
22 16
16 15
15 14
14 7
7 9
9 8
8 10
10 14
14 17
17 15
15 14
14 12
12 10
10 16
16 14
14 14
14 0
0 8
8 8
8 8
8 8
8 8
8 16
16 9
9 8
8 7
7 8
8 0
0 0
0 0
0 0
0 0
0 8
8 9
9 12
12 18
18 19
19 11
11 12
12 12
12 14
14 25
25 8
8 8
8 0
0 0
0 10
10 12
12 19
19 20
20 23
23 24
24 26
26 26
26 33
33 27
27 27
27 24
24 27
27 20
20 15
15 16
16 16
16 30
30 28
28 49
49 54
54 60
60 55
55 55
55 45
45 23
23 25
25 23
23 39
39 38
38 33
33 38
38 38
38 36
36 31
31 28
28 28
28 43
43 39
39 42
42 41
41 36
36 53
53 43
43 52
52 51
51 44
44 45
45 46
46 41
41 25
25 24
24 19
19 17
17 15
15 15
15 8
8 7
7 8
8 8
8 8
8 8
8 0
0 8
8 20
20 24
24 22
22 26
26 24
24 16
16 19
19 31
31 37
37 30
30 19
19 14
14 9
9 7
7 7
7 0
0 0
0 0
0 0
0 0
0 0
0 0
0 0
0 7
7 7
7 14
14 10
10 8
8 0
0 9
9 11
11 15
15 15
15 7
7 7
7 12
12 0
0 0
0 0
0 0
0 0
0 0
0 0
0 7
7 7
7 0
0 0
0 0
0 9
9 16
16 14
14 0
0 0
0 0
0 0
0 0
0 9
9 10
10 14
14 14
14 13
13 19
19 16
16 16
16 19
19 19
19 19
19 18
18 21
21 11
11 0
0 0
0 9
9 19
19 20
20 24
24 35
35 39
39 44
44 49
49 50
50 54
54 46
46 41
41 33
33 36
36 38
38 41
41 40
40 36
36 23
23 15
15 8
8 7
7 14
14 10
10 9
9 11
11 8
8 11
11 28
28 35
35 39
39 37
37 32
32 37
37 33
33 35
35 34
34 36
36 32
32 27
27 32
32 31
31 28
28 19
19 16
16 7
7 7
7 0
0 0
0 0
0 0
0 8
8 8
8 19
19 20
20 28
28 30
30 26
26 25
25 28
28 32
32 37
37 35
35 32
32 27
27 8
8 0
0 0
0 11
11 15
15 18
18 33
33 33
33 27
27 28
28 21
21 17
17 16
16 8
8 8
8 12
12 13
13 10
10 12
12 12
12 10
10 0
0 0
0 0
0 8
8 10
10 13
13 24
24 26
26 25
25 21
21 17
17 19
19 20
20 19
19 20
20 20
20 19
19 17
17 8
8 8
8 7
7 0
0 8
8 9
9 11
11 12
12 12
12 13
13 8
8 0
0 8
8 10
10 11
11 10
10 10
10 10
10 9
9 9
9 17
17 15
15 7
7 7
7 9
9 0
0 0
0 0
0 0
0 7
7 16
16 17
17 16
16 15
15 16
16 19
19 19
19 19
19 17
17 19
19 15
15 10
10 16
16 9
9 12
12 12
12 15
15 14
14 21
21 22
22 17
17 12
12 22
22 21
21 10
10 0
0 0
0 16
16 24
24 29
29 29
29 30
30 30
30 27
27 19
19 18
18 9
9 9
9 8
8 15
15 7
7 8
8 8
8 8
8 11
11 8
8 9
9 8
8 10
10 7
7 8
8 22
22 25
25 25
25 23
23 16
16 16
16 17
17 16
16 16
16 15
15 15
15 10
10 0
0 0
0 0
0 0
0 0
0 0
0 0
0 0
0 10
10 10
10 11
11 15
15 27
27 21
21 10
10 0
0 8
8 10
10 0
0 9
9 23
23 32
32 42
42 44
44 39
39 32
32 24
24 19
19 26
26 18
18 9
9 11
11 13
13 21
21 28
28 27
27 31
31 28
28 28
28 27
27 21
21 0
0 0
0 7
7 0
0 8
8 9
9 20
20 24
24 35
35 28
28 34
34 32
32 28
28 24
24 28
28 33
33 31
31 17
17 13
13 14
14 17
17 17
17 16
16 14
14 13
13 12
12 9
9 0
0 0
0 0
0 0
0 0
0 0
0 8
8 10
10 13
13 12
12 0
0 0
0 10
10 17
17 22
22 24
24 25
25 25
25 28
28 27
27 24
24 30
30 27
27 24
24 23
23 16
16 17
17 11
11 11
11 11
11 9
9 10
10 14
14 11
11 11
11 12
12 10
10 11
11 8
8 7
7 7
7 8
8 18
18 20
20 20
20 22
22 24
24 21
21 17
17 16
16 15
15 15
15 8
8 7
7 7
7 0
0 0
0 0
0 0
0 0
0 0
0 8
8 8
8 20
20 17
17 10
10 16
16 15
15 8
8 8
8 15
15 15
15 8
8 7
7 7
7 7
7 8
8 17
17 14
14 0
0 0
0 0
0 0
0 9
9 8
8 0
0 0
0 0
0 0
0 0
0 0
0 0
0 0
0 0
0 0
0 8
8 8
8 0
0 9
9 8
8 8
8 8
8 7
7 7
7 10
10 0
0 0
0 0
0 0
0 0
0 0
0 0
0 0
0 0
0 0
0 0
0 0
0 0
0 0
0 0
0 7
7 0
0 0
0 0
0 0
0 0
0 0
0 0
0 8
8 10
10 11
11 14
14 20
20 21
21 20
20 20
20 12
12 11
11 10
10 9
9 8
8 9
9 11
11 12
12 14
14 13
13 11
11 18
18 18
18 19
19 24
24 25
25 22
22 14
14 11
11 9
9 14
14 9
9 0
0 0
0 0
0 0
0 7
7 7
7 7
7 19
19 25
25 31
31 34
34 35
35 33
33 37
37 34
34 12
12 9
9 9
9 8
8 8
8 0
0 0
0 0
0 0
0 0
0 0
0 0
0 0
0 0
0 0
0 0
0 7
7 8
8 8
8 9
9 18
18 18
18 19
19 11
11 9
9 9
9 9
9 9
9 8
8 10
10 14
14 17
17 17
17 15
15 26
26 27
27 25
25 20
20 11
11 9
9 8
8 0
0 0
0 0
0 0
0 0
0 0
0 0
0 0
0 9
9 9
9 9
9 0
0 0
0 0
0 7
7 7
7 7
7 8
8 8
8 9
9 9
9 9
9 8
8 8
8 8
8 0
0 0
0 0
0 0
0 0
0 0
0 0
0 9
9 8
8 8
8 8
8 8
8 8
8 8
8 8
8 8
8 8
8 17
17 14
14 8
8 8
8 8
8 8
8 0
0 0
0 0
0 0
0 0
0 0
0 0
0 0
0 0
0 0
0 0
0 0
0 0
0 0
0 0
0 0
0 0
0 0
0 0
0 0
0 0
0 0
0 9
9 9
9 9
9 0
0 0
0 0
0 0
0 0
0 11
11 9
9 7
7 0
0 0
0 0
0 0
0 0
0 0
0 0
0 0
0 0
0 0
0 0
0 0
0 0
0 0
0 0
0 0
0 0
0 0
0 0
0 0
0 0
0 0
0 0
0 0
0 0
0 0
0 0
0 0
0 8
8 0
0 0
0 0
0 0
0 0
0 0
0 0
0 0
0 0
0 10
10 9
9 0
0 0
0 0
0 0
0 0
0 0
0 10
10 8
8 7
7 0
0 0
0 0
0 28
28 10
10 9
9 7
7 9
9 8
8 16
16 15
15 25
25 26
26 24
24 24
24 28
28 30
30 24
24 22
22 18
18 11
11 7
7 0
0 0
0 0
0 0
0 0
0 0
0 0
0 0
0 0
0 0
0 0
0 0
0 0
0 7
7 7
7 7
7 10
10 8
8 11
11 11
11 9
9 0
0 8
8 8
8 0
0 0
0 0
0 0
0 0
0 0
0 0
0 0
0 0
0 0
0 0
0 0
0 0
0 0
0 0
0 0
0 0
0 0
0 8
8 8
8 11
11 9
9 9
9 8
8 0
0 0
0 0
0 0
0 0
0 0
0 0
0 0
0 0
0 0
0 0
0 0
0 0
0 0
0 0
0 0
0 0
0 0
0 0
0 0
0 8
8 8
8 8
8 0
0 0
0 0
0 0
0 7
7 0
0 0
0 8
8 0
0 0
0 0
0 9
9 0
0 0
0 0
0 0
0 7
7 7
7 7
7 0
0 0
0 0
0 0
0 0
0 0
0 19
19 32
32 36
36 35
35 34
34 30
30 31
31 25
25 16
16 9
9 9
9 7
7 0
0 0
0 0
0 0
0 0
0 0
0 0
0 0
0 7
7 7
7 0
0 0
0 0
0 0
0 8
8 0
0 0
0 8
8 8
8 7
7 0
0 0
0 0
0 0
0 0
0 0
0 7
7 0
0 0
0 7
7 8
8 0
0 0
0 0
0 0
0 0
0 0
0 0
0 8
8 0
0 9
9 14
14 12
12 15
15 11
11 7
7 0
0 0
0 0
0 0
0 0
0 0
0 0
0 0
0 0
0 0
0 0
0 0
0 0
0 0
0 0
0 9
9 0
0 0
0 0
0 0
0 9
9 8
8 7
7 8
8 0
0 7
7 7
7 7
7 8
8 7
7 8
8 8
8 8
8 0
0 0
0 0
0 0
0 0
0 0
0 0
0 0
0 0
0 0
0 0
0 0
0 0
0 0
0 0
0 0
0 0
0 0
0 0
0 0
0 0
0 0
0 0
0 0
0 0
0 8
8 9
9 8
8 0
0 0
0 0
0 0
0 0
0 0
0 0
0 0
0 0
0 0
0 0
0 0
0 0
0 0
0 0
0 0
0 0
0 0
0 0
0 0
0 0
0 0
0 0
0 0
0 0
0 0
0 0
0 0
0 0
0 0
0 0
0 7
7 8
8 0
0 0
0 0
0 0
0 0
0 0
0 0
0 0
0 0
0 0
0 0
0 0
0 0
0 0
0 0
0 0
0 0
0 0
0 0
0 7
7 0
0 0
0 0
0 0
0 0
0 0
0 0
0 0
0 0
0 0
0 8
8 9
9 0
0 0
0 0
0 0
0 0
0 8
8 0
0 0
0 0
0 0
0 7
7 0
0 0
0 0
0 0
0 0
0 7
7 9
9 11
11 9
9 9
9 8
8 12
12 8
8 0
0 0
0 0
0 0
0 0
0 0
0 0
0 0
0 0
0 0
0 0
0 0
0 0
0 9
9 9
9 11
11 11
11 10
10 8
8 7
7 0
0 0
0 0
0 0
0 12
12 14
14 9
9 8
8 8
8 8
8 7
7 0
0 0
0 0
0 0
0 0
0 0
0 0
0 0
0 0
0 0
0 0
0 0
0 0
0 0
0 0
0 0
0 0
0 0
0 0
0 0
0 0
0 0
0 9
9 8
8 9
9 0
0 0
0 0
0 0
0 0
0 0
0 0
0 0
0 0
0 0
0 0
0 0
0 0
0 0
0 0
0 0
0 0
0 0
0 0
0 0
0 0
0 0
0 0
0 0
0 0
0 0
0 0
0 7
7 9
9 10
10 8
8 7
7 0
0 0
0 0
0 0
0 0
0 7
7 0
0 0
0 0
0 0
0 0
0 0
0 0
0 0
0 0
0 0
0 0
0 0
0 0
0 0
0 0
0 0
0 0
0 0
0 0
0 0
0 0
0 0
0 8
8 7
7 7
7 0
0 0
0 0
0 0
0 0
0 0
0 0
0 0
0 0
0 0
0 8
8 8
8 0
0 0
0 0
0 0
0 0
0 0
0 0
0 0
0 8
8 8
8 0
0 0
0 0
0 0
0 0
0 0
0 0
0 0
0 0
0 0
0 0
0 0
0 0
0 0
0 0
0 0
0 0
0 0
0 7
7 0
0 0
0 0
0 0
0 0
0 0
0 0
0 0
0 0
0 0
0 0
0 0
0 0
0 0
0 0
0 0
0 0
0 0
0 0
0 0
0 0
0 0
0 0
0 0
0 0
0 7
7 0
0 0
0 0
0 0
0 0
0 0
0 0
0 8
8 8
8 0
0 0
0 0
0 7
7 0
0 0
0 0
0 0
0 0
0 0
0 0
0 0
0 7
7 10
10 9
9 8
8 9
9 8
8 7
7 0
0 0
0 8
8 8
8 0
0 0
0 0
0 0
0 0
0 0
0 0
0 10
10 11
11 12
12 11
11 9
9 8
8 0
0 0
0 0
0 0
0 0
0 0
0 0
0 0
0 0
0 0
0 0
0 7
7 0
0 0
0 0
0 7
7 8
8 7
7 8
8 0
0 0
0 0
0 0
0 0
0 0
0 0
0 0
0 0
0 14
14 16
16 14
14 11
11 12
12 10
10 9
9 0
0 0
0 0
0 0
0 0
0 0
0 0
0 0
0 0
0 0
0 0
0 0
0 7
7 0
0 0
0 0
0 0
0 0
0 0
0 7
7 0
0 0
0 0
0 0
0 0
0 0
0 0
0 0
0 0
0 0
0 0
0 0
0 0
0 0
0 0
0 0
0 0
0 0
0 0
0 0
0 0
0 0
0 0
0 0
0 0
0 0
0 0
0 0
0 0
0 0
0 0
0 0
0 8
8 0
0 0
0 0
0 0
0 0
0 0
0 0
0 0
0 0
0 0
0 0
0 0
0 0
0 0
0 0
0 0
0 0
0 0
0 0
0 8
8 13
13 20
20 20
20 17
17 9
9 7
7 10
10 9
9 7
7 7
7 0
0 0
0 0
0 0
0 0
0 0
0 0
0 0
0 0
0 7
7 0
0 0
0 0
0 0
0 0
0 0
0 0
0 0
0 0
0 0
0 0
0 10
10 16
16 19
19 19
19 19
19 19
19 16
16 11
11 0
0 0
0 0
0 0
0 0
0 7
7 8
8 0
0 0
0 8
8 7
7 7
7 0
0 7
7 8
8 7
7 8
8 0
0 9
9 17
17 15
15 9
9 8
8 0
0 0
0 0
0 0
0 0
0 0
0 0
0 0
0 0
0 0
0 0
0 0
0 0
0 0
0 0
0 0
0 0
0 8
8 7
7 8
8 9
9 20
20 24
24 23
23 20
20 15
15 15
15 30
30 29
29 23
23 16
16 12
12 0
0 9
9 10
10 12
12 13
13 11
11 14
14 12
12 14
14 11
11 10
10 7
7 0
0 0
0 10
10 10
10 15
15 25
25 24
24 21
21 18
18 18
18 16
16 12
12 9
9 0
0 9
9 12
12 21
21 26
26 26
26 23
23 17
17 9
9 8
8 8
8 8
8 11
11 11
11 9
9 9
9 8
8 8
8 24
24 25
25 39
39 37
37 33
33 29
29 27
27 28
28 22
22 20
20 20
20 28
28 15
15 13
13 13
13 11
11 11
11 10
10 20
20 19
19 18
18 9
9 9
9 15
15 24
24 23
23 25
25 18
18 0
0 8
8 11
11 0
0 0
0 22
22 23
23 20
20 21
21 17
17 15
15 18
18 19
19 14
14 9
9 14
14 11
11 9
9 11
11 15
15 14
14 22
22 20
20 21
21 21
21 17
17 17
17 17
17 18
18 25
25 26
26 19
19 16
16 22
22 7
7 8
8 8
8 8
8 7
7 0
0 0
0 0
0 0
0 0
0 0
0 0
0 7
7 7
7 0
0 0
0 12
12 0
0 0
0 8
8 0
0 7
7 8
8 13
13 25
25 32
32 29
29 12
12 10
10 10
10 0
0 0
0 0
0 0
0 0
0 0
0 0
0 0
0 0
0 0
0 0
0 0
0 9
9 13
13 14
14 12
12 15
15 10
10 8
8 8
8 12
12 18
18 11
11 11
11 13
13 15
15 20
20 19
19 9
9 13
13 10
10 21
21 28
28 33
33 33
33 18
18 10
10 0
0 0
0 9
9 9
9 19
19 13
13 10
10 11
11 10
10 9
9 12
12 13
13 8
8 8
8 16
16 8
8 8
8 8
8 8
8 9
9 17
17 16
16 8
8 8
8 11
11 14
14 23
23 22
22 19
19 11
11 16
16 10
10 9
9 9
9 9
9 19
19 22
22 23
23 28
28 30
30 25
25 21
21 12
12 22
22 24
24 20
20 17
17 16
16 16
16 9
9 21
21 34
34 34
34 32
32 25
25 36
36 38
38 44
44 33
33 27
27 22
22 25
25 34
34 17
17 15
15 10
10 8
8 0
0 0
0 0
0 8
8 15
15 15
15 8
8 8
8 18
18 19
19 20
20 21
21 40
40 34
34 40
40 30
30 20
20 10
10 0
0 0
0 11
11 8
8 9
9 18
18 19
19 19
19 30
30 37
37 35
35 34
34 27
27 26
26 25
25 27
27 27
27 27
27 34
34 39
39 38
38 38
38 33
33 25
25 19
19 20
20 15
15 9
9 0
0 0
0 0
0 9
9 9
9 9
9 9
9 16
16 26
26 29
29 34
34 40
40 42
42 44
44 36
36 25
25 25
25 31
31 42
42 47
47 44
44 29
29 22
22 27
27 23
23 24
24 13
13 11
11 11
11 9
9 17
17 22
22 23
23 23
23 19
19 30
30 32
32 30
30 43
43 38
38 38
38 37
37 35
35 29
29 26
26 18
18 17
17 15
15 16
16 8
8 15
15 14
14 8
8 18
18 15
15 0
0 19
19 21
21 24
24 31
31 26
26 17
17 18
18 18
18 17
17 21
21 16
16 16
16 28
28 16
16 8
8 14
14 7
7 0
0 0
0 0
0 0
0 10
10 10
10 8
8 15
15 20
20 10
10 13
13 11
11 8
8 27
27 33
33 33
33 32
32 33
33 25
25 19
19 24
24 17
17 22
22 18
18 17
17 15
15 9
9 0
0 8
8 14
14 19
19 22
22 18
18 20
20 23
23 22
22 23
23 20
20 19
19 17
17 14
14 9
9 10
10 13
13 14
14 15
15 13
13 18
18 22
22 16
16 11
11 9
9 39
39 31
31 21
21 35
35 37
37 48
48 53
53 51
51 48
48 40
40 52
52 50
50 42
42 29
29 23
23 19
19 15
15 8
8 26
26 27
27 31
31 44
44 40
40 52
52 70
70 82
82 92
92 98
98 0
0 80
80 59
59 59
59 59
59 66
66 43
43 34
34 27
27 27
27 20
20 23
23 21
21 17
17 32
32 30
30 39
39 69
69 72
72 84
84 88
88 74
74 68
68 62
62 48
48 45
45 43
43 48
48 40
40 41
41 58
58 60
60 56
56 40
40 48
48 66
66 79
79 88
88 91
91 66
66 51
51 51
51 51
51 52
52 57
57 62
62 56
56 46
46 40
40 53
53 52
52 44
44 44
44 57
57 50
50 39
39 51
51 54
54 54
54 32
32 31
31 45
45 60
60 64
64 47
47 33
33 26
26 37
37 41
41 41
41 36
36 29
29 26
26 25
25 26
26 40
40 22
22 8
8 17
17 30
30 45
45 52
52 70
70 82
82 76
76 83
83 89
89 86
86 76
76 53
53 46
46 38
38 30
30 26
26 22
22 15
15 11
11 10
10 24
24 34
34 39
39 39
39 40
40 31
31 26
26 33
33 33
33 38
38 43
43 33
33 18
18 10
10 25
25 27
27 32
32 38
38 30
30 28
28 31
31 22
22 23
23 26
26 43
43 33
33 40
40 51
51 49
49 46
46 46
46 56
56 50
50 63
63 78
78 74
74 48
48 41
41 37
37 29
29 29
29 20
20 29
29 43
43 65
65 61
61 62
62 67
67 82
82 73
73 62
62 71
71 68
68 61
61 61
61 54
54 47
47 28
28 29
29 22
22 14
14 0
0 9
9 24
24 39
39 45
45 46
46 45
45 56
56 71
71 75
75 54
54 50
50 66
66 59
59 49
49 43
43 69
69 96
96 85
85 88
88 91
91 68
68 74
74 58
58 47
47 35
35 47
47 52
52 61
61 90
90 94
94 10
10 24
24 24
24 4
4 93
93 92
92 80
80 70
70 71
71 59
59 75
75 79
79 73
73 67
67 71
71 83
83 75
75 83
83 83
83 79
79 90
90 70
70 70
70 62
62 48
48 55
55 63
63 87
87 2
2 13
13 19
19 4
4 8
8 23
23 9
9 99
99 28
28 36
36 22
22 94
94 91
91 77
77 73
73 65
65 71
71 66
66 72
72 67
67 87
87 89
89 87
87 69
69 79
79 1
1 20
20 19
19 23
23 18
18 13
13 9
9 13
13 14
14 98
98 87
87 84
84 92
92 89
89 95
95 88
88 96
96 99
99 91
91 10
10 91
91 86
86 94
94 92
92 0
0 86
86 85
85 3
3 8
8 1
1 1
1 88
88 6
6 76
76 68
68 62
62 51
51 54
54 52
52 38
38 50
50 60
60 67
67 77
77 72
72 73
73 69
69 69
69 56
56 65
65 78
78 76
76 73
73 75
75 62
62 62
