# Sunspot number training set. The first column represents the time and the second column has the SSN index from 1990 to 2011.
Time SSN
0 186
1 176
2 166
3 174
4 164
5 144
6 129
7 138
8 125
9 134
10 164
11 172
12 179
13 147
14 157
15 152
16 164
17 177
18 199
19 236
20 217
21 208
22 200
23 191
24 206
25 203
26 211
27 193
28 185
29 198
30 201
31 171
32 161
33 124
34 113
35 97
36 80
37 82
38 95
39 103
40 79
41 75
42 80
43 85
44 75
45 78
46 64
47 54
48 77
49 107
50 134
51 159
52 191
53 239
54 249
55 245
56 234
57 217
58 187
59 173
60 171
61 163
62 126
63 98
64 104
65 105
66 88
67 71
68 80
69 73
70 85
71 83
72 90
73 110
74 129
75 123
76 167
77 202
78 217
79 211
80 195
81 206
82 209
83 204
84 188
85 168
86 129
87 132
88 133
89 115
90 103
91 114
92 113
93 127
94 132
95 138
96 128
97 128
98 88
99 82
100 88
101 77
102 123
103 142
104 171
105 170
106 199
107 203
108 213
109 206
110 212
111 207
112 174
113 157
114 160
115 118
116 124
117 103
118 94
119 114
120 70
121 59
122 61
123 86
124 80
125 106
126 132
127 138
128 133
129 116
130 126
131 146
132 144
133 141
134 144
135 157
136 167
137 170
138 187
139 187
140 193
141 187
142 160
143 158
144 146
145 134
146 139
147 121
148 118
149 90
150 101
151 96
152 80
153 73
154 77
155 79
156 101
157 107
158 99
159 87
160 107
161 126
162 115
163 122
164 118
165 102
166 110
167 100
168 83
169 79
170 68
171 57
172 71
173 64
174 88
175 94
176 103
177 140
178 184
179 203
180 230
181 272
182 253
183 264
184 241
185 213
186 186
187 173
188 135
189 102
190 88
191 106
192 110
193 114
194 118
195 98
196 95
197 87
198 57
199 61
200 81
201 123
202 143
203 165
204 201
205 204
206 196
207 177
208 165
209 144
210 117
211 142
212 146
213 175
214 151
215 137
216 128
217 124
218 120
219 136
220 145
221 160
222 161
223 167
224 192
225 215
226 229
227 232
228 269
229 270
230 290
231 295
232 278
233 262
234 281
235 276
236 263
237 220
238 188
239 176
240 186
241 181
242 155
243 120
244 116
245 126
246 134
247 118
248 118
249 112
250 112
251 113
252 121
253 116
254 124
255 142
256 178
257 162
258 156
259 137
260 136
261 151
262 145
263 150
264 141
265 117
266 101
267 94
268 93
269 77
270 113
271 119
272 115
273 110
274 112
275 140
276 134
277 123
278 124
279 135
280 141
281 148
282 153
283 195
284 192
285 214
286 202
287 218
288 192
289 188
290 181
291 181
292 169
293 136
294 140
295 134
296 131
297 125
298 102
299 111
300 119
301 98
302 87
303 77
304 77
305 81
306 108
307 146
308 154
309 197
310 209
311 208
312 188
313 163
314 167
315 151
316 118
317 119
318 113
319 102
320 110
321 97
322 109
323 98
324 102
325 125
326 114
327 118
328 110
329 117
330 109
331 144
332 153
333 0
334 127
335 160
336 180
337 186
338 167
339 169
340 182
341 177
342 176
343 175
344 157
345 138
346 117
347 95
348 88
349 104
350 112
351 121
352 134
353 114
354 117
355 99
356 91
357 95
358 101
359 104
360 104
361 111
362 109
363 103
364 108
365 139
366 89
367 93
368 95
369 104
370 119
371 105
372 99
373 94
374 97
375 116
376 122
377 145
378 119
379 114
380 133
381 154
382 127
383 119
384 91
385 107
386 106
387 127
388 135
389 149
390 179
391 220
392 237
393 248
394 239
395 224
396 205
397 209
398 176
399 144
400 127
401 117
402 119
403 118
404 134
405 136
406 140
407 153
408 166
409 163
410 173
411 159
412 136
413 191
414 206
415 198
416 223
417 214
418 200
419 192
420 194
421 187
422 175
423 134
424 95
425 93
426 71
427 55
428 74
429 88
430 131
431 146
432 156
433 159
434 167
435 163
436 152
437 161
438 182
439 202
440 167
441 168
442 155
443 173
444 167
445 179
446 179
447 154
448 146
449 153
450 137
451 129
452 140
453 141
454 115
455 89
456 92
457 118
458 139
459 160
460 159
461 164
462 146
463 172
464 167
465 195
466 227
467 197
468 211
469 227
470 188
471 172
472 171
473 173
474 161
475 115
476 79
477 72
478 33
479 39
480 73
481 82
482 119
483 132
484 129
485 93
486 86
487 106
488 95
489 89
490 96
491 99
492 125
493 140
494 134
495 145
496 133
497 116
498 134
499 119
500 113
501 113
502 125
503 116
504 121
505 97
506 117
507 120
508 117
509 121
510 139
511 156
512 158
513 150
514 141
515 145
516 177
517 175
518 171
519 179
520 180
521 167
522 171
523 210
524 240
525 241
526 250
527 219
528 175
529 177
530 154
531 165
532 149
533 142
534 143
535 113
536 147
537 135
538 124
539 135
540 137
541 150
542 143
543 162
544 177
545 183
546 188
547 213
548 238
549 250
550 217
551 204
552 209
553 203
554 179
555 181
556 170
557 138
558 139
559 132
560 117
561 102
562 91
563 89
564 114
565 132
566 171
567 184
568 212
569 205
570 189
571 199
572 183
573 183
574 182
575 197
576 173
577 132
578 138
579 143
580 136
581 148
582 119
583 120
584 106
585 89
586 75
587 86
588 98
589 126
590 122
591 164
592 212
593 257
594 279
595 280
596 291
597 300
598 294
599 275
600 259
601 215
602 177
603 147
604 157
605 171
606 166
607 184
608 170
609 161
610 147
611 147
612 132
613 137
614 111
615 135
616 122
617 127
618 123
619 130
620 143
621 147
622 123
623 101
624 103
625 101
626 84
627 80
628 115
629 124
630 129
631 112
632 111
633 117
634 120
635 124
636 144
637 138
638 155
639 147
640 159
641 158
642 165
643 129
644 115
645 116
646 137
647 149
648 141
649 129
650 125
651 138
652 145
653 126
654 111
655 111
656 88
657 83
658 77
659 81
660 107
661 138
662 161
663 171
664 217
665 221
666 248
667 223
668 197
669 198
670 173
671 139
672 109
673 113
674 125
675 134
676 141
677 132
678 121
679 129
680 114
681 104
682 94
683 88
684 73
685 75
686 75
687 96
688 94
689 87
690 78
691 83
692 95
693 98
694 83
695 104
696 104
697 80
698 0
699 102
700 96
701 124
702 116
703 131
704 133
705 154
706 174
707 209
708 212
709 211
710 187
711 177
712 175
713 155
714 135
715 124
716 133
717 134
718 117
719 109
720 108
721 110
722 130
723 143
724 150
725 132
726 138
727 156
728 151
729 151
730 141
731 144
732 177
733 184
734 183
735 185
736 190
737 204
738 193
739 183
740 155
741 143
742 142
743 108
744 107
745 87
746 76
747 71
748 88
749 115
750 142
751 127
752 117
753 112
754 127
755 148
756 173
757 187
758 196
759 219
760 225
761 238
762 221
763 194
764 178
765 164
766 159
767 157
768 179
769 187
770 173
771 182
772 141
773 148
774 137
775 111
776 110
777 109
778 99
779 101
780 117
781 137
782 144
783 150
784 188
785 192
786 196
787 192
788 191
789 176
790 166
791 124
792 106
793 92
794 65
795 69
796 103
797 106
798 118
799 125
800 122
801 125
802 138
803 130
804 110
805 107
806 85
807 75
808 78
809 88
810 91
811 90
812 92
813 109
814 119
815 116
816 111
817 110
818 121
819 107
820 111
821 103
822 95
823 88
824 64
825 50
826 60
827 64
828 57
829 58
830 54
831 62
832 66
833 68
834 75
835 82
836 97
837 117
838 129
839 139
840 163
841 176
842 171
843 166
844 146
845 159
846 123
847 96
848 97
849 89
850 80
851 88
852 86
853 90
854 98
855 96
856 93
857 72
858 82
859 79
860 73
861 68
862 80
863 87
864 78
865 65
866 45
867 41
868 59
869 54
870 59
871 110
872 106
873 113
874 99
875 66
876 57
877 80
878 59
879 41
880 30
881 33
882 31
883 38
884 72
885 74
886 81
887 70
888 64
889 60
890 70
891 74
892 82
893 102
894 86
895 77
896 60
897 64
898 64
899 59
900 63
901 56
902 55
903 69
904 73
905 70
906 64
907 59
908 38
909 43
910 70
911 67
912 78
913 66
914 63
915 71
916 78
917 77
918 79
919 83
920 102
921 129
922 133
923 132
924 126
925 151
926 161
927 159
928 140
929 102
930 88
931 66
932 65
933 67
934 54
935 43
936 37
937 54
938 61
939 53
940 39
941 47
942 53
943 65
944 90
945 103
946 103
947 94
948 89
949 86
950 93
951 93
952 74
953 60
954 53
955 61
956 82
957 76
958 96
959 90
960 71
961 69
962 59
963 48
964 44
965 36
966 38
967 20
968 30
969 34
970 33
971 40
972 35
973 36
974 47
975 49
976 44
977 46
978 47
979 52
980 44
981 38
982 57
983 54
984 59
985 63
986 77
987 77
988 75
989 76
990 62
991 54
992 63
993 62
994 65
995 66
996 89
997 90
998 75
999 84
1000 86
1001 62
1002 72
1003 81
1004 85
1005 98
1006 95
1007 105
1008 122
1009 113
1010 103
1011 88
1012 91
1013 73
1014 57
1015 41
1016 36
1017 43
1018 40
1019 54
1020 55
1021 73
1022 92
1023 75
1024 98
1025 104
1026 95
1027 114
1028 113
1029 125
1030 138
1031 131
1032 111
1033 100
1034 82
1035 104
1036 88
1037 68
1038 86
1039 95
1040 95
1041 96
1042 74
1043 76
1044 74
1045 84
1046 83
1047 62
1048 69
1049 70
1050 84
1051 100
1052 102
1053 108
1054 98
1055 85
1056 95
1057 115
1058 122
1059 125
1060 116
1061 116
1062 99
1063 92
1064 74
1065 65
1066 56
1067 59
1068 59
1069 51
1070 48
1071 34
1072 63
1073 91
1074 99
1075 116
1076 109
1077 113
1078 115
1079 112
1080 109
1081 105
1082 98
1083 97
1084 97
1085 84
1086 91
1087 79
1088 78
1089 81
1090 90
1091 73
1092 86
1093 78
1094 69
1095 56
1096 46
1097 41
1098 38
1099 52
1100 71
1101 84
1102 81
1103 89
1104 94
1105 100
1106 91
1107 94
1108 96
1109 69
1110 58
1111 59
1112 62
1113 66
1114 68
1115 52
1116 47
1117 34
1118 30
1119 45
1120 51
1121 37
1122 43
1123 37
1124 35
1125 36
1126 32
1127 22
1128 34
1129 73
1130 85
1131 119
1132 121
1133 128
1134 134
1135 126
1136 114
1137 95
1138 97
1139 92
1140 82
1141 73
1142 88
1143 68
1144 80
1145 88
1146 97
1147 92
1148 100
1149 101
1150 90
1151 88
1152 86
1153 86
1154 88
1155 76
1156 80
1157 84
1158 93
1159 105
1160 96
1161 93
1162 82
1163 85
1164 81
1165 86
1166 77
1167 67
1168 56
1169 60
1170 56
1171 60
1172 69
1173 72
1174 70
1175 78
1176 73
1177 63
1178 42
1179 40
1180 46
1181 51
1182 51
1183 54
1184 58
1185 61
1186 67
1187 67
1188 75
1189 67
1190 75
1191 89
1192 79
1193 81
1194 87
1195 79
1196 56
1197 37
1198 22
1199 15
1200 13
1201 13
1202 34
1203 49
1204 51
1205 89
1206 98
1207 93
1208 96
1209 98
1210 88
1211 53
1212 62
1213 54
1214 41
1215 38
1216 33
1217 32
1218 42
1219 69
1220 77
1221 75
1222 74
1223 81
1224 87
1225 120
1226 125
1227 116
1228 85
1229 59
1230 51
1231 37
1232 32
1233 24
1234 14
1235 33
1236 25
1237 19
1238 22
1239 33
1240 53
1241 66
1242 59
1243 74
1244 91
1245 97
1246 96
1247 105
1248 102
1249 101
1250 82
1251 75
1252 83
1253 72
1254 55
1255 46
1256 47
1257 37
1258 18
1259 10
1260 10
1261 10
1262 13
1263 17
1264 16
1265 15
1266 24
1267 26
1268 27
1269 51
1270 50
1271 59
1272 59
1273 67
1274 69
1275 79
1276 70
1277 58
1278 61
1279 66
1280 80
1281 73
1282 58
1283 45
1284 40
1285 38
1286 31
1287 35
1288 35
1289 51
1290 63
1291 66
1292 63
1293 67
1294 80
1295 82
1296 71
1297 66
1298 58
1299 68
1300 66
1301 61
1302 55
1303 60
1304 59
1305 47
1306 45
1307 46
1308 38
1309 40
1310 36
1311 35
1312 27
1313 49
1314 43
1315 47
1316 59
1317 65
1318 73
1319 58
1320 60
1321 39
1322 29
1323 22
1324 29
1325 28
1326 28
1327 23
1328 31
1329 42
1330 42
1331 56
1332 53
1333 44
1334 49
1335 48
1336 49
1337 37
1338 30
1339 26
1340 24
1341 22
1342 23
1343 22
1344 14
1345 12
1346 12
1347 16
1348 9
1349 12
1350 9
1351 10
1352 10
1353 10
1354 23
1355 21
1356 19
1357 15
1358 15
1359 14
1360 14
1361 16
1362 23
1363 43
1364 43
1365 49
1366 52
1367 48
1368 46
1369 64
1370 95
1371 87
1372 100
1373 90
1374 71
1375 65
1376 70
1377 76
1378 58
1379 65
1380 56
1381 37
1382 31
1383 52
1384 56
1385 41
1386 37
1387 44
1388 63
1389 73
1390 61
1391 58
1392 55
1393 43
1394 50
1395 39
1396 29
1397 23
1398 30
1399 28
1400 13
1401 19
1402 18
1403 20
1404 30
1405 33
1406 34
1407 33
1408 26
1409 25
1410 14
1411 15
1412 21
1413 22
1414 27
1415 32
1416 37
1417 37
1418 42
1419 43
1420 56
1421 56
1422 53
1423 54
1424 40
1425 46
1426 44
1427 55
1428 69
1429 92
1430 67
1431 56
1432 60
1433 66
1434 63
1435 55
1436 65
1437 57
1438 53
1439 46
1440 31
1441 21
1442 17
1443 23
1444 8
1445 20
1446 22
1447 28
1448 18
1449 27
1450 37
1451 44
1452 54
1453 63
1454 75
1455 62
1456 69
1457 61
1458 73
1459 75
1460 99
1461 86
1462 77
1463 93
1464 103
1465 104
1466 101
1467 94
1468 81
1469 66
1470 47
1471 42
1472 41
1473 45
1474 36
1475 35
1476 29
1477 25
1478 30
1479 28
1480 35
1481 53
1482 65
1483 60
1484 70
1485 66
1486 67
1487 58
1488 49
1489 43
1490 38
1491 26
1492 29
1493 31
1494 38
1495 44
1496 38
1497 40
1498 46
1499 41
1500 40
1501 32
1502 29
1503 36
1504 46
1505 39
1506 34
1507 37
1508 43
1509 42
1510 28
1511 16
1512 19
1513 35
1514 33
1515 34
1516 29
1517 32
1518 38
1519 46
1520 49
1521 56
1522 62
1523 54
1524 50
1525 60
1526 52
1527 46
1528 41
1529 29
1530 32
1531 40
1532 36
1533 18
1534 26
1535 22
1536 22
1537 18
1538 13
1539 8
1540 17
1541 24
1542 22
1543 32
1544 37
1545 24
1546 15
1547 14
1548 0
1549 0
1550 0
1551 17
1552 0
1553 0
1554 0
1555 7
1556 0
1557 0
1558 8
1559 8
1560 9
1561 11
1562 10
1563 13
1564 12
1565 19
1566 12
1567 17
1568 17
1569 21
1570 28
1571 31
1572 38
1573 37
1574 40
1575 30
1576 30
1577 31
1578 15
1579 14
1580 26
1581 18
1582 35
1583 26
1584 12
1585 9
1586 10
1587 14
1588 19
1589 12
1590 17
1591 19
1592 27
1593 32
1594 31
1595 30
1596 33
1597 39
1598 33
1599 28
1600 25
1601 25
1602 21
1603 19
1604 9
1605 9
1606 0
1607 0
1608 0
1609 9
1610 12
1611 24
1612 0
1613 0
1614 0
1615 0
1616 0
1617 12
1618 16
1619 43
1620 43
1621 50
1622 63
1623 53
1624 59
1625 58
1626 54
1627 52
1628 42
1629 37
1630 30
1631 19
1632 12
1633 15
1634 24
1635 37
1636 28
1637 15
1638 10
1639 15
1640 0
1641 0
1642 32
1643 43
1644 39
1645 41
1646 27
1647 27
1648 47
1649 60
1650 49
1651 60
1652 72
1653 68
1654 59
1655 45
1656 43
1657 54
1658 53
1659 48
1660 27
1661 29
1662 27
1663 19
1664 16
1665 14
1666 12
1667 17
1668 14
1669 16
1670 26
1671 27
1672 0
1673 11
1674 10
1675 13
1676 14
1677 18
1678 17
1679 13
1680 12
1681 12
1682 15
1683 20
1684 36
1685 39
1686 44
1687 42
1688 43
1689 41
1690 39
1691 43
1692 30
1693 19
1694 10
1695 23
1696 12
1697 12
1698 12
1699 11
1700 13
1701 7
1702 12
1703 0
1704 38
1705 49
1706 59
1707 53
1708 65
1709 57
1710 57
1711 47
1712 41
1713 31
1714 19
1715 10
1716 9
1717 9
1718 8
1719 8
1720 12
1721 22
1722 14
1723 0
1724 0
1725 11
1726 12
1727 14
1728 16
1729 26
1730 28
1731 21
1732 16
1733 22
1734 16
1735 18
1736 16
1737 27
1738 48
1739 53
1740 46
1741 44
1742 50
1743 49
1744 48
1745 45
1746 48
1747 60
1748 57
1749 51
1750 39
1751 55
1752 56
1753 49
1754 41
1755 29
1756 28
1757 28
1758 27
1759 56
1760 57
1761 57
1762 17
1763 17
1764 0
1765 45
1766 48
1767 34
1768 28
1769 31
1770 24
1771 17
1772 16
1773 23
1774 24
1775 16
1776 17
1777 8
1778 9
1779 8
1780 8
1781 10
1782 19
1783 15
1784 9
1785 7
1786 8
1787 8
1788 8
1789 18
1790 17
1791 20
1792 55
1793 59
1794 92
1795 11
1796 9
1797 0
1798 10
1799 15
1800 12
1801 20
1802 25
1803 42
1804 44
1805 57
1806 51
1807 40
1808 35
1809 32
1810 26
1811 35
1812 34
1813 33
1814 21
1815 18
1816 30
1817 21
1818 30
1819 36
1820 43
1821 29
1822 17
1823 11
1824 10
1825 10
1826 10
1827 8
1828 11
1829 14
1830 11
1831 15
1832 7
1833 9
1834 9
1835 8
1836 9
1837 10
1838 8
1839 11
1840 12
1841 17
1842 23
1843 35
1844 42
1845 51
1846 55
1847 53
1848 54
1849 60
1850 49
1851 30
1852 23
1853 25
1854 18
1855 31
1856 32
1857 35
1858 41
1859 38
1860 35
1861 35
1862 34
1863 16
1864 12
1865 19
1866 23
1867 13
1868 14
1869 11
1870 17
1871 22
1872 26
1873 33
1874 31
1875 46
1876 46
1877 45
1878 47
1879 42
1880 30
1881 28
1882 26
1883 32
1884 41
1885 51
1886 56
1887 55
1888 65
1889 61
1890 38
1891 36
1892 20
1893 10
1894 0
1895 8
1896 12
1897 10
1898 10
1899 17
1900 13
1901 16
1902 35
1903 38
1904 41
1905 42
1906 45
1907 44
1908 44
1909 42
1910 41
1911 28
1912 19
1913 23
1914 23
1915 22
1916 13
1917 17
1918 19
1919 10
1920 0
1921 0
1922 0
1923 0
1924 0
1925 0
1926 10
1927 18
1928 31
1929 34
1930 42
1931 46
1932 48
1933 41
1934 34
1935 25
1936 13
1937 11
1938 0
1939 0
1940 0
1941 0
1942 8
1943 0
1944 0
1945 0
1946 9
1947 0
1948 0
1949 8
1950 10
1951 9
1952 8
1953 9
1954 10
1955 11
1956 12
1957 26
1958 26
1959 27
1960 36
1961 40
1962 43
1963 40
1964 35
1965 27
1966 13
1967 10
1968 0
1969 0
1970 0
1971 0
1972 0
1973 9
1974 12
1975 10
1976 9
1977 8
1978 9
1979 12
1980 14
1981 30
1982 24
1983 28
1984 28
1985 24
1986 30
1987 24
1988 20
1989 17
1990 12
1991 0
1992 0
1993 7
1994 9
1995 18
1996 13
1997 15
1998 17
1999 16
2000 13
2001 13
2002 12
2003 10
2004 9
2005 14
2006 23
2007 30
2008 25
2009 14
2010 14
2011 22
2012 27
2013 29
2014 25
2015 28
2016 21
2017 18
2018 13
2019 11
2020 13
2021 19
2022 17
2023 16
2024 14
2025 21
2026 23
2027 14
2028 11
2029 0
2030 0
2031 0
2032 7
2033 8
2034 0
2035 0
2036 0
2037 10
2038 14
2039 15
2040 17
2041 16
2042 16
2043 22
2044 18
2045 13
2046 9
2047 10
2048 11
2049 0
2050 9
2051 0
2052 12
2053 21
2054 13
2055 0
2056 0
2057 8
2058 0
2059 8
2060 15
2061 31
2062 30
2063 41
2064 32
2065 24
2066 14
2067 13
2068 11
2069 9
2070 8
2071 8
2072 16
2073 16
2074 8
2075 8
2076 0
2077 0
2078 0
2079 0
2080 9
2081 8
2082 0
2083 10
2084 8
2085 0
2086 0
2087 11
2088 21
2089 22
2090 30
2091 29
2092 30
2093 26
2094 25
2095 26
2096 9
2097 9
2098 8
2099 0
2100 0
2101 0
2102 0
2103 0
2104 0
2105 10
2106 9
2107 22
2108 29
2109 48
2110 57
2111 58
2112 54
2113 31
2114 43
2115 37
2116 28
2117 21
2118 18
2119 26
2120 26
2121 26
2122 25
2123 22
2124 22
2125 12
2126 10
2127 9
2128 0
2129 10
2130 0
2131 8
2132 8
2133 0
2134 0
2135 8
2136 8
2137 8
2138 9
2139 12
2140 9
2141 8
2142 8
2143 8
2144 20
2145 22
2146 33
2147 23
2148 10
2149 10
2150 9
2151 9
2152 9
2153 0
2154 0
2155 0
2156 0
2157 11
2158 12
2159 92
2160 16
2161 12
2162 16
2163 16
2164 14
2165 10
2166 10
2167 8
2168 19
2169 17
2170 18
2171 11
2172 10
2173 9
2174 8
2175 0
2176 0
2177 0
2178 0
2179 8
2180 9
2181 9
2182 8
2183 0
2184 12
2185 17
2186 18
2187 17
2188 9
2189 10
2190 0
2191 0
2192 12
2193 19
2194 30
2195 48
2196 47
2197 41
2198 35
2199 19
2200 11
2201 0
2202 0
2203 0
2204 0
2205 0
2206 0
2207 0
2208 0
2209 0
2210 0
2211 9
2212 0
2213 0
2214 11
2215 9
2216 9
2217 9
2218 10
2219 9
2220 16
2221 11
2222 9
2223 9
2224 7
2225 0
2226 0
2227 0
2228 0
2229 0
2230 0
2231 0
2232 0
2233 0
2234 0
2235 0
2236 7
2237 0
2238 0
2239 0
2240 0
2241 8
2242 10
2243 8
2244 8
2245 17
2246 13
2247 8
2248 7
2249 8
2250 9
2251 0
2252 0
2253 0
2254 9
2255 0
2256 14
2257 9
2258 0
2259 0
2260 0
2261 16
2262 16
2263 16
2264 13
2265 12
2266 10
2267 9
2268 9
2269 8
2270 0
2271 12
2272 16
2273 16
2274 14
2275 13
2276 23
2277 21
2278 18
2279 10
2280 0
2281 0
2282 0
2283 10
2284 11
2285 8
2286 0
2287 0
2288 0
2289 0
2290 0
2291 0
2292 0
2293 9
2294 8
2295 0
2296 0
2297 0
2298 10
2299 19
2300 11
2301 18
2302 12
2303 12
2304 8
2305 8
2306 0
2307 0
2308 0
2309 0
2310 0
2311 0
2312 0
2313 0
2314 0
2315 0
2316 0
2317 11
2318 12
2319 13
2320 12
2321 14
2322 18
2323 16
2324 15
2325 14
2326 11
2327 9
2328 8
2329 8
2330 0
2331 8
2332 0
2333 0
2334 0
2335 0
2336 0
2337 0
2338 0
2339 0
2340 0
2341 0
2342 0
2343 8
2344 8
2345 8
2346 9
2347 11
2348 23
2349 20
2350 20
2351 25
2352 12
2353 9
2354 9
2355 0
2356 0
2357 0
2358 0
2359 0
2360 10
2361 17
2362 8
2363 8
2364 8
2365 17
2366 18
2367 17
2368 18
2369 18
2370 18
2371 17
2372 17
2373 8
2374 10
2375 9
2376 0
2377 8
2378 0
2379 14
2380 26
2381 27
2382 26
2383 20
2384 13
2385 9
2386 0
2387 0
2388 0
2389 0
2390 0
2391 0
2392 0
2393 0
2394 0
2395 0
2396 0
2397 0
2398 8
2399 9
2400 12
2401 15
2402 19
2403 21
2404 19
2405 23
2406 23
2407 21
2408 16
2409 10
2410 17
2411 11
2412 14
2413 15
2414 21
2415 17
2416 12
2417 21
2418 19
2419 10
2420 11
2421 9
2422 11
2423 10
2424 10
2425 9
2426 10
2427 16
2428 10
2429 13
2430 13
2431 11
2432 11
2433 14
2434 19
2435 13
2436 9
2437 7
2438 0
2439 0
2440 0
2441 12
2442 0
2443 0
2444 0
2445 0
2446 8
2447 0
2448 0
2449 0
2450 0
2451 0
2452 0
2453 0
2454 0
2455 0
2456 0
2457 0
2458 0
2459 0
2460 0
2461 0
2462 0
2463 0
2464 0
2465 0
2466 0
2467 0
2468 0
2469 0
2470 0
2471 0
2472 0
2473 0
2474 0
2475 0
2476 0
2477 0
2478 0
2479 0
2480 0
2481 0
2482 0
2483 0
2484 0
2485 0
2486 0
2487 0
2488 0
2489 9
2490 10
2491 9
2492 0
2493 0
2494 0
2495 0
2496 0
2497 0
2498 0
2499 0
2500 0
2501 0
2502 0
2503 0
2504 8
2505 12
2506 14
2507 11
2508 11
2509 0
2510 20
2511 40
2512 18
2513 9
2514 10
2515 9
2516 18
2517 24
2518 44
2519 45
2520 57
2521 52
2522 45
2523 34
2524 31
2525 25
2526 23
2527 12
2528 0
2529 0
2530 0
2531 0
2532 0
2533 13
2534 17
2535 16
2536 28
2537 29
2538 32
2539 27
2540 29
2541 24
2542 28
2543 32
2544 23
2545 15
2546 21
2547 21
2548 11
2549 12
2550 0
2551 0
2552 0
2553 0
2554 0
2555 0
2556 0
2557 0
2558 0
2559 0
2560 11
2561 10
2562 12
2563 8
2564 0
2565 9
2566 9
2567 7
2568 0
2569 0
2570 0
2571 11
2572 17
2573 8
2574 11
2575 0
2576 0
2577 0
2578 0
2579 0
2580 9
2581 8
2582 8
2583 9
2584 0
2585 10
2586 11
2587 10
2588 9
2589 23
2590 30
2591 31
2592 23
2593 18
2594 15
2595 8
2596 8
2597 0
2598 0
2599 0
2600 0
2601 0
2602 0
2603 9
2604 0
2605 8
2606 8
2607 7
2608 0
2609 0
2610 0
2611 7
2612 8
2613 0
2614 0
2615 0
2616 0
2617 0
2618 0
2619 0
2620 0
2621 8
2622 10
2623 19
2624 18
2625 12
2626 13
2627 15
2628 14
2629 13
2630 25
2631 11
2632 12
2633 12
2634 0
2635 9
2636 0
2637 0
2638 0
2639 0
2640 0
2641 0
2642 10
2643 14
2644 18
2645 20
2646 17
2647 17
2648 31
2649 37
2650 27
2651 25
2652 20
2653 11
2654 10
2655 21
2656 24
2657 23
2658 12
2659 22
2660 24
2661 28
2662 26
2663 13
2664 9
2665 11
2666 0
2667 0
2668 0
2669 9
2670 9
2671 8
2672 17
2673 11
2674 12
2675 8
2676 0
2677 0
2678 0
2679 0
2680 8
2681 9
2682 8
2683 8
2684 10
2685 9
2686 17
2687 16
2688 10
2689 12
2690 13
2691 11
2692 17
2693 17
2694 21
2695 27
2696 39
2697 52
2698 48
2699 40
2700 30
2701 29
2702 35
2703 25
2704 17
2705 14
2706 12
2707 19
2708 20
2709 22
2710 15
2711 11
2712 11
2713 12
2714 12
2715 19
2716 16
2717 8
2718 8
2719 16
2720 18
2721 19
2722 19
2723 20
2724 13
2725 18
2726 10
2727 8
2728 7
2729 0
2730 9
2731 9
2732 19
2733 15
2734 12
2735 8
2736 8
2737 0
2738 0
2739 0
2740 8
2741 9
2742 8
2743 10
2744 26
2745 16
2746 17
2747 13
2748 0
2749 0
2750 0
2751 9
2752 0
2753 0
2754 7
2755 7
2756 0
2757 11
2758 0
2759 11
2760 20
2761 29
2762 39
2763 34
2764 25
2765 11
2766 11
2767 0
2768 0
2769 0
2770 8
2771 13
2772 9
2773 17
2774 36
2775 41
2776 45
2777 38
2778 21
2779 36
2780 48
2781 46
2782 39
2783 37
2784 21
2785 18
2786 16
2787 9
2788 8
2789 9
2790 8
2791 9
2792 0
2793 15
2794 21
2795 24
2796 33
2797 35
2798 43
2799 53
2800 65
2801 59
2802 48
2803 42
2804 50
2805 56
2806 68
2807 87
2808 91
2809 93
2810 86
2811 88
2812 85
2813 70
2814 65
2815 61
2816 49
2817 33
2818 16
2819 14
2820 26
2821 45
2822 42
2823 42
2824 49
2825 26
2826 30
2827 18
2828 16
2829 19
2830 25
2831 21
2832 21
2833 21
2834 21
2835 18
2836 17
2837 16
2838 20
2839 22
2840 24
2841 25
2842 29
2843 28
2844 28
2845 34
2846 40
2847 35
2848 25
2849 21
2850 20
2851 9
2852 0
2853 10
2854 11
2855 11
2856 23
2857 33
2858 30
2859 38
2860 35
2861 43
2862 53
2863 54
2864 59
2865 51
2866 50
2867 43
2868 37
2869 25
2870 19
2871 29
2872 20
2873 26
2874 38
2875 30
2876 29
2877 44
2878 43
2879 43
2880 40
2881 41
2882 47
2883 55
2884 49
2885 30
2886 26
2887 31
2888 39
2889 42
2890 31
2891 46
2892 41
2893 33
2894 36
2895 32
2896 38
2897 40
2898 58
2899 67
2900 57
2901 61
2902 68
2903 53
2904 42
2905 41
2906 35
2907 34
2908 20
2909 15
2910 19
2911 22
2912 32
2913 45
2914 52
2915 42
2916 37
2917 41
2918 38
2919 41
2920 45
2921 45
2922 39
2923 31
2924 23
2925 20
2926 10
2927 1
2928 0
2929 0
2930 0
2931 10
2932 27
2933 38
2934 36
2935 30
2936 32
2937 52
2938 52
2939 46
2940 39
2941 17
2942 14
2943 16
2944 40
2945 66
2946 75
2947 67
2948 61
2949 53
2950 47
2951 28
2952 18
2953 17
2954 15
2955 28
2956 28
2957 22
2958 30
2959 27
2960 28
2961 33
2962 42
2963 40
2964 47
2965 47
2966 76
2967 65
2968 62
2969 58
2970 52
2971 35
2972 28
2973 21
2974 28
2975 39
2976 59
2977 58
2978 45
2979 43
2980 54
2981 59
2982 67
2983 35
2984 36
2985 32
2986 29
2987 36
2988 33
2989 35
2990 50
2991 56
2992 72
2993 74
2994 79
2995 63
2996 60
2997 59
2998 64
2999 67
3000 62
3001 69
3002 72
3003 55
3004 59
3005 59
3006 52
3007 51
3008 56
3009 58
3010 46
3011 55
3012 56
3013 59
3014 57
3015 51
3016 59
3017 63
3018 93
3019 106
3020 122
3021 108
3022 96
3023 80
3024 64
3025 70
3026 65
3027 61
3028 46
3029 23
3030 31
3031 30
3032 34
3033 32
3034 26
3035 14
3036 20
3037 13
3038 12
3039 28
3040 36
3041 46
3042 57
3043 73
3044 74
3045 73
3046 79
3047 76
3048 71
3049 63
3050 54
3051 43
3052 58
3053 73
3054 80
3055 82
3056 80
3057 79
3058 71
3059 67
3060 56
3061 43
3062 26
3063 21
3064 28
3065 32
3066 41
3067 43
3068 51
3069 33
3070 28
3071 40
3072 49
3073 49
3074 57
3075 55
3076 74
3077 79
3078 72
3079 66
3080 66
3081 81
3082 77
3083 76
3084 83
3085 91
3086 69
3087 53
3088 49
3089 67
3090 55
3091 52
3092 60
3093 64
3094 51
3095 53
3096 45
3097 75
3098 83
3099 100
3100 108
3101 109
3102 101
3103 94
3104 95
3105 95
3106 100
3107 94
3108 74
3109 51
3110 38
3111 32
3112 49
3113 57
3114 55
3115 44
3116 41
3117 55
3118 67
3119 59
3120 42
3121 35
3122 69
3123 78
3124 91
3125 90
3126 79
3127 68
3128 63
3129 65
3130 85
3131 74
3132 57
3133 68
3134 64
3135 76
3136 68
3137 66
3138 70
3139 98
3140 104
3141 97
3142 125
3143 119
3144 118
3145 121
3146 92
3147 94
3148 73
3149 94
3150 87
3151 83
3152 101
3153 91
3154 89
3155 81
3156 84
3157 79
3158 73
3159 87
3160 100
3161 96
3162 102
3163 117
3164 109
3165 100
3166 85
3167 79
3168 68
3169 80
3170 112
3171 116
3172 125
3173 119
3174 112
3175 96
3176 92
3177 95
3178 78
3179 60
3180 56
3181 74
3182 70
3183 93
3184 114
3185 125
3186 138
3187 135
3188 117
3189 105
3190 82
3191 76
3192 85
3193 60
3194 41
3195 30
3196 32
3197 25
3198 19
3199 30
3200 54
3201 66
3202 92
3203 84
3204 60
3205 51
3206 42
3207 48
3208 66
3209 84
3210 93
3211 98
3212 105
3213 96
3214 81
3215 63
3216 49
3217 50
3218 39
3219 31
3220 32
3221 18
3222 23
3223 54
3224 54
3225 52
3226 37
3227 41
3228 56
3229 88
3230 95
3231 98
3232 103
3233 92
3234 71
3235 68
3236 66
3237 73
3238 88
3239 94
3240 95
3241 76
3242 53
3243 51
3244 35
3245 46
3246 33
3247 41
3248 47
3249 59
3250 85
3251 106
3252 114
3253 105
3254 99
3255 31
3256 108
3257 99
3258 101
3259 86
3260 68
3261 89
3262 95
3263 119
3264 109
3265 108
3266 105
3267 102
3268 84
3269 83
3270 72
3271 60
3272 49
3273 60
3274 50
3275 50
3276 43
3277 39
3278 47
3279 58
3280 66
3281 81
3282 100
3283 121
3284 96
3285 99
3286 92
3287 64
3288 68
3289 58
3290 65
3291 64
3292 48
3293 64
3294 51
3295 47
3296 46
3297 32
3298 35
3299 41
3300 65
3301 83
3302 83
3303 93
3304 102
3305 121
3306 120
3307 114
3308 108
3309 87
3310 68
3311 31
3312 30
3313 28
3314 28
3315 24
3316 24
3317 30
3318 29
3319 25
3320 19
3321 15
3322 12
3323 19
3324 28
3325 36
3326 41
3327 60
3328 78
3329 115
3330 134
3331 138
3332 144
3333 133
3334 122
3335 105
3336 85
3337 86
3338 74
3339 47
3340 42
3341 38
3342 44
3343 51
3344 59
3345 77
3346 77
3347 88
3348 102
3349 96
3350 99
3351 79
3352 43
3353 41
3354 63
3355 61
3356 76
3357 87
3358 76
3359 94
3360 91
3361 97
3362 99
3363 96
3364 101
3365 78
3366 71
3367 61
3368 30
3369 41
3370 37
3371 31
3372 24
3373 37
3374 51
3375 55
3376 51
3377 44
3378 39
3379 48
3380 71
3381 81
3382 92
3383 82
3384 89
3385 104
3386 90
3387 75
3388 76
3389 81
3390 74
3391 63
3392 67
3393 75
3394 55
3395 50
3396 50
3397 42
3398 40
3399 42
3400 51
3401 45
3402 47
3403 55
3404 55
3405 61
3406 66
3407 76
3408 92
3409 80
3410 84
3411 88
3412 104
3413 142
3414 152
3415 149
3416 136
3417 134
3418 122
3419 101
3420 94
3421 105
3422 105
3423 99
3424 93
3425 94
3426 96
3427 109
3428 98
3429 86
3430 85
3431 92
3432 114
3433 119
3434 119
3435 115
3436 107
3437 109
3438 137
3439 135
3440 131
3441 140
3442 144
3443 146
3444 123
3445 131
3446 160
3447 146
3448 159
3449 153
3450 152
3451 147
3452 139
3453 120
3454 97
3455 80
3456 79
3457 62
3458 79
3459 106
3460 144
3461 195
3462 194
3463 182
3464 172
3465 169
3466 160
3467 148
3468 141
3469 146
3470 142
3471 134
3472 130
3473 122
3474 117
3475 113
3476 115
3477 112
3478 115
3479 130
3480 103
3481 84
3482 80
3483 77
3484 79
3485 90
3486 79
3487 77
3488 79
3489 94
3490 97
3491 113
3492 119
3493 100
3494 115
3495 144
3496 161
3497 165
3498 146
3499 166
3500 165
3501 151
3502 127
3503 127
3504 110
3505 100
3506 98
3507 76
3508 54
3509 52
3510 60
3511 67
3512 57
3513 49
3514 44
3515 36
3516 38
3517 42
3518 48
3519 58
3520 68
3521 76
3522 86
3523 129
3524 136
3525 128
3526 147
3527 152
3528 150
3529 109
3530 94
3531 82
3532 77
3533 69
3534 71
3535 58
3536 69
3537 76
3538 73
3539 74
3540 76
3541 85
3542 102
3543 112
3544 113
3545 111
3546 99
3547 99
3548 86
3549 65
3550 44
3551 60
3552 57
3553 41
3554 29
3555 31
3556 35
3557 46
3558 52
3559 58
3560 50
3561 64
3562 68
3563 77
3564 124
3565 136
3566 138
3567 113
3568 131
3569 130
3570 126
3571 145
3572 157
3573 151
3574 115
3575 122
3576 125
3577 114
3578 109
3579 113
3580 97
3581 86
3582 79
3583 90
3584 120
3585 143
3586 140
3587 135
3588 137
3589 155
3590 129
3591 115
3592 99
3593 81
3594 95
3595 102
3596 103
3597 123
3598 146
3599 169
3600 206
3601 205
3602 188
3603 164
3604 146
3605 153
3606 171
3607 166
3608 159
3609 164
3610 152
3611 142
3612 137
3613 110
3614 103
3615 102
3616 95
3617 124
3618 78
3619 93
3620 31
3621 103
3622 99
3623 70
3624 57
3625 51
3626 63
3627 59
3628 78
3629 87
3630 110
3631 101
3632 89
3633 102
3634 104
3635 92
3636 94
3637 102
3638 99
3639 100
3640 102
3641 93
3642 94
3643 89
3644 97
3645 93
3646 84
3647 69
3648 62
3649 75
3650 48
3651 57
3652 48
3653 51
3654 54
3655 64
3656 73
3657 85
3658 85
3659 75
3660 76
3661 65
3662 90
3663 134
3664 153
3665 164
3666 157
3667 163
3668 131
3669 120
3670 114
3671 95
3672 88
3673 84
3674 82
3675 80
3676 85
3677 77
3678 70
3679 60
3680 61
3681 51
3682 58
3683 71
3684 64
3685 81
3686 99
3687 104
3688 136
3689 130
3690 128
3691 109
3692 122
3693 114
3694 113
3695 108
3696 119
3697 118
3698 131
3699 109
3700 104
3701 89
3702 76
3703 92
3704 100
3705 95
3706 123
3707 131
3708 144
3709 150
3710 151
3711 162
3712 138
3713 130
3714 114
3715 113
3716 113
3717 129
3718 155
3719 145
3720 146
3721 137
3722 127
3723 122
3724 121
3725 115
3726 103
3727 100
3728 95
3729 101
3730 126
3731 150
3732 148
3733 156
3734 182
3735 188
3736 185
3737 170
3738 155
3739 169
3740 148
3741 148
3742 164
3743 187
3744 193
3745 177
3746 164
3747 129
3748 108
3749 94
3750 100
3751 108
3752 102
3753 96
3754 113
3755 118
3756 114
3757 105
3758 98
3759 110
3760 94
3761 103
3762 121
3763 128
3764 145
3765 170
3766 160
3767 151
3768 136
3769 118
3770 124
3771 100
3772 100
3773 91
3774 80
3775 76
3776 71
3777 71
3778 42
3779 52
3780 64
3781 99
3782 120
3783 133
3784 133
3785 161
3786 193
3787 205
3788 189
3789 170
3790 161
3791 167
3792 180
3793 163
3794 143
3795 132
3796 134
3797 115
3798 117
3799 106
3800 124
3801 117
3802 93
3803 67
3804 85
3805 79
3806 75
3807 101
3808 95
3809 99
3810 105
3811 120
3812 122
3813 119
3814 151
3815 147
3816 156
3817 171
3818 158
3819 142
3820 139
3821 147
3822 145
3823 159
3824 147
3825 127
3826 124
3827 119
3828 111
3829 129
3830 138
3831 115
3832 109
3833 114
3834 145
3835 141
3836 124
3837 114
3838 127
3839 154
3840 177
3841 177
3842 179
3843 215
3844 202
3845 186
3846 194
3847 164
3848 148
3849 197
3850 224
3851 228
3852 246
3853 241
3854 231
3855 216
3856 199
3857 171
3858 177
3859 133
3860 126
3861 120
3862 113
3863 112
3864 93
3865 106
3866 110
3867 107
3868 110
3869 144
3870 143
3871 164
3872 140
3873 128
3874 154
3875 165
3876 170
3877 176
3878 204
3879 183
3880 178
3881 152
3882 140
3883 133
3884 106
3885 77
3886 67
3887 67
3888 77
3889 81
3890 79
3891 113
3892 132
3893 138
3894 144
3895 157
3896 142
3897 118
3898 128
3899 134
3900 114
3901 114
3902 110
3903 85
3904 63
3905 42
3906 26
3907 35
3908 55
3909 60
3910 77
3911 85
3912 108
3913 112
3914 121
3915 124
3916 137
3917 142
3918 160
3919 163
3920 153
3921 161
3922 162
3923 142
3924 119
3925 100
3926 115
3927 164
3928 153
3929 150
3930 128
3931 97
3932 66
3933 72
3934 71
3935 57
3936 82
3937 122
3938 121
3939 104
3940 83
3941 92
3942 97
3943 95
3944 90
3945 94
3946 97
3947 89
3948 85
3949 82
3950 88
3951 73
3952 80
3953 106
3954 113
3955 108
3956 111
3957 140
3958 147
3959 141
3960 130
3961 133
3962 108
3963 122
3964 127
3965 95
3966 101
3967 90
3968 72
3969 70
3970 84
3971 98
3972 95
3973 94
3974 116
3975 125
3976 110
3977 120
3978 113
3979 91
3980 98
3981 74
3982 59
3983 84
3984 106
3985 123
3986 138
3987 116
3988 109
3989 118
3990 72
3991 65
3992 57
3993 68
3994 57
3995 58
3996 62
3997 72
3998 89
3999 114
4000 135
4001 153
4002 145
4003 151
4004 138
4005 118
4006 127
4007 116
4008 107
4009 102
4010 115
4011 108
4012 121
4013 118
4014 118
4015 110
4016 111
4017 87
4018 89
4019 94
4020 88
4021 98
4022 110
4023 130
4024 131
4025 105
4026 115
4027 101
4028 115
4029 117
4030 111
4031 92
4032 100
4033 75
4034 59
4035 60
4036 73
4037 61
4038 81
4039 93
4040 112
4041 118
4042 106
4043 84
4044 97
4045 102
4046 90
4047 70
4048 86
4049 78
4050 78
4051 92
4052 91
4053 105
4054 110
4055 111
4056 111
4057 114
4058 105
4059 100
4060 71
4061 71
4062 68
4063 75
4064 73
4065 71
4066 76
4067 75
4068 76
4069 94
4070 81
4071 59
4072 56
4073 56
4074 58
4075 50
4076 51
4077 52
4078 53
4079 75
4080 92
4081 104
4082 91
4083 85
4084 63
4085 79
4086 97
4087 90
4088 95
4089 74
4090 80
4091 75
4092 70
4093 51
4094 61
4095 66
4096 80
4097 88
4098 85
4099 113
4100 149
4101 186
4102 218
4103 241
4104 235
4105 233
4106 231
4107 205
4108 186
4109 166
4110 169
4111 134
4112 133
4113 110
4114 100
4115 115
4116 110
4117 114
4118 115
4119 103
4120 98
4121 92
4122 75
4123 58
4124 28
4125 38
4126 62
4127 86
4128 116
4129 109
4130 106
4131 109
4132 119
4133 119
4134 128
4135 107
4136 113
4137 112
4138 107
4139 118
4140 115
4141 132
4142 118
4143 92
4144 79
4145 55
4146 63
4147 60
4148 80
4149 84
4150 85
4151 102
4152 96
4153 99
4154 95
4155 93
4156 85
4157 82
4158 95
4159 121
4160 134
4161 118
4162 112
4163 118
4164 124
4165 103
4166 85
4167 75
4168 69
4169 58
4170 99
4171 99
4172 96
4173 106
4174 119
4175 129
4176 142
4177 168
4178 159
4179 173
4180 171
4181 160
4182 180
4183 186
4184 191
4185 178
4186 153
4187 141
4188 136
4189 144
4190 151
4191 155
4192 145
4193 131
4194 114
4195 107
4196 89
4197 74
4198 65
4199 74
4200 83
4201 80
4202 71
4203 62
4204 45
4205 47
4206 54
4207 71
4208 70
4209 69
4210 90
4211 111
4212 99
4213 102
4214 113
4215 123
4216 127
4217 122
4218 118
4219 96
4220 100
4221 101
4222 90
4223 79
4224 61
4225 60
4226 63
4227 46
4228 57
4229 52
4230 62
4231 81
4232 93
4233 115
4234 130
4235 120
4236 118
4237 117
4238 104
4239 99
4240 112
4241 112
4242 91
4243 93
4244 106
4245 127
4246 117
4247 106
4248 100
4249 101
4250 110
4251 112
4252 119
4253 116
4254 92
4255 101
4256 112
4257 121
4258 96
4259 99
4260 115
4261 103
4262 106
4263 120
4264 108
4265 120
4266 141
4267 166
4268 182
4269 166
4270 150
4271 126
4272 149
4273 150
4274 148
4275 130
4276 121
4277 112
4278 136
4279 143
4280 183
4281 173
4282 164
4283 186
4284 200
4285 193
4286 175
4287 176
4288 170
4289 159
4290 165
4291 168
4292 144
4293 135
4294 132
4295 114
4296 104
4297 103
4298 77
4299 79
4300 98
4301 113
4302 127
4303 108
4304 115
4305 123
4306 121
4307 126
4308 131
4309 143
4310 160
4311 154
4312 135
4313 143
4314 135
4315 151
4316 154
4317 143
4318 139
4319 120
4320 103
4321 93
4322 96
4323 100
4324 100
4325 111
4326 130
4327 140
4328 123
4329 152
4330 149
4331 149
4332 145
4333 121
4334 118
4335 118
4336 117
4337 90
4338 85
4339 92
4340 81
4341 87
4342 80
4343 87
4344 80
4345 67
4346 73
4347 84
4348 76
4349 115
4350 121
4351 123
4352 133
4353 149
4354 150
4355 145
4356 158
4357 142
4358 138
4359 140
4360 141
4361 115
4362 106
4363 117
4364 119
4365 101
4366 108
4367 120
4368 119
4369 115
4370 99
4371 101
4372 120
4373 135
4374 133
4375 157
4376 143
4377 167
4378 164
4379 156
4380 137
4381 134
4382 135
4383 136
4384 135
4385 136
4386 142
4387 118
4388 98
4389 90
4390 100
4391 121
4392 115
4393 129
4394 129
4395 124
4396 122
4397 104
4398 87
4399 74
4400 86
4401 99
4402 109
4403 118
4404 120
4405 140
4406 115
4407 97
4408 106
4409 118
4410 121
4411 116
4412 119
4413 112
4414 113
4415 135
4416 159
4417 153
4418 151
4419 125
4420 104
4421 104
4422 110
4423 105
4424 109
4425 110
4426 104
4427 92
4428 103
4429 79
4430 91
4431 80
4432 78
4433 95
4434 81
4435 84
4436 94
4437 99
4438 121
4439 123
4440 107
4441 97
4442 109
4443 78
4444 112
4445 114
4446 106
4447 112
4448 93
4449 79
4450 74
4451 78
4452 103
4453 90
4454 92
4455 87
4456 100
4457 94
4458 88
4459 92
4460 76
4461 85
4462 95
4463 93
4464 106
4465 111
4466 109
4467 101
4468 115
4469 107
4470 114
4471 111
4472 125
4473 116
4474 130
4475 126
4476 127
4477 127
4478 136
4479 138
4480 134
4481 148
4482 142
4483 152
4484 162
4485 144
4486 150
4487 138
4488 113
4489 94
4490 106
4491 104
4492 102
4493 95
4494 93
4495 114
4496 150
4497 147
4498 101
4499 88
4500 71
4501 87
4502 85
4503 102
4504 114
4505 149
4506 166
4507 172
4508 149
4509 157
4510 142
4511 126
4512 133
4513 138
4514 130
4515 104
4516 76
4517 74
4518 84
4519 86
4520 93
4521 93
4522 107
4523 121
4524 137
4525 136
4526 128
4527 127
4528 121
4529 123
4530 119
4531 114
4532 103
4533 120
4534 124
4535 129
4536 133
4537 150
4538 126
4539 135
4540 135
4541 127
4542 113
4543 88
4544 68
4545 75
4546 55
4547 73
4548 70
4549 80
4550 60
4551 87
4552 79
4553 74
4554 57
4555 57
4556 65
4557 74
4558 76
4559 74
4560 66
4561 60
4562 66
4563 72
4564 58
4565 61
4566 80
4567 82
4568 88
4569 75
4570 66
4571 63
4572 64
4573 58
4574 61
4575 52
4576 72
4577 78
4578 96
4579 99
4580 91
4581 92
4582 83
4583 77
4584 77
4585 91
4586 121
4587 129
4588 133
4589 164
4590 182
4591 192
4592 181
4593 174
4594 148
4595 137
4596 132
4597 121
4598 95
4599 84
4600 87
4601 88
4602 76
4603 73
4604 73
4605 99
4606 117
4607 134
4608 177
4609 185
4610 174
4611 186
4612 179
4613 164
4614 140
4615 127
4616 114
4617 123
4618 99
4619 98
4620 79
4621 80
4622 81
4623 82
4624 97
4625 106
4626 120
4627 136
4628 147
4629 144
4630 132
4631 118
4632 120
4633 124
4634 116
4635 118
4636 109
4637 109
4638 109
4639 87
4640 97
4641 99
4642 116
4643 121
4644 112
4645 114
4646 106
4647 108
4648 112
4649 103
4650 111
4651 90
4652 90
4653 80
4654 76
4655 64
4656 58
4657 70
4658 67
4659 60
4660 76
4661 81
4662 79
4663 101
4664 106
4665 129
4666 121
4667 122
4668 119
4669 114
4670 116
4671 128
4672 110
4673 118
4674 120
4675 122
4676 93
4677 88
4678 77
4679 73
4680 77
4681 81
4682 84
4683 87
4684 114
4685 120
4686 110
4687 124
4688 115
4689 123
4690 107
4691 122
4692 137
4693 145
4694 122
4695 129
4696 126
4697 114
4698 100
4699 94
4700 104
4701 102
4702 89
4703 91
4704 83
4705 74
4706 94
4707 82
4708 79
4709 77
4710 67
4711 56
4712 49
4713 68
4714 61
4715 61
4716 123
4717 72
4718 66
4719 64
4720 80
4721 82
4722 82
4723 79
4724 98
4725 107
4726 94
4727 74
4728 65
4729 75
4730 124
4731 119
4732 129
4733 140
4734 134
4735 134
4736 124
4737 112
4738 104
4739 75
4740 57
4741 35
4742 32
4743 29
4744 27
4745 31
4746 29
4747 33
4748 31
4749 27
4750 66
4751 65
4752 68
4753 86
4754 90
4755 108
4756 109
4757 117
4758 117
4759 104
4760 94
4761 94
4762 84
4763 84
4764 81
4765 77
4766 87
4767 93
4768 68
4769 86
4770 70
4771 76
4772 59
4773 72
4774 85
4775 85
4776 84
4777 62
4778 41
4779 40
4780 43
4781 36
4782 35
4783 50
4784 68
4785 82
4786 87
4787 93
4788 73
4789 73
4790 71
4791 59
4792 45
4793 31
4794 20
4795 10
4796 20
4797 33
4798 44
4799 46
4800 34
4801 28
4802 28
4803 32
4804 30
4805 43
4806 34
4807 48
4808 59
4809 57
4810 80
4811 65
4812 63
4813 79
4814 66
4815 89
4816 71
4817 69
4818 56
4819 45
4820 58
4821 63
4822 62
4823 41
4824 43
4825 39
4826 29
4827 23
4828 8
4829 27
4830 33
4831 52
4832 70
4833 81
4834 91
4835 112
4836 112
4837 102
4838 93
4839 103
4840 90
4841 72
4842 60
4843 52
4844 48
4845 34
4846 42
4847 38
4848 25
4849 37
4850 38
4851 35
4852 29
4853 16
4854 19
4855 27
4856 34
4857 45
4858 58
4859 75
4860 73
4861 73
4862 89
4863 86
4864 103
4865 100
4866 109
4867 98
4868 99
4869 86
4870 95
4871 96
4872 93
4873 78
4874 65
4875 33
4876 20
4877 17
4878 36
4879 38
4880 41
4881 43
4882 50
4883 51
4884 39
4885 44
4886 48
4887 61
4888 50
4889 65
4890 57
4891 37
4892 39
4893 52
4894 57
4895 62
4896 56
4897 44
4898 42
4899 42
4900 38
4901 40
4902 47
4903 59
4904 86
4905 98
4906 101
4907 111
4908 111
4909 116
4910 115
4911 96
4912 81
4913 63
4914 57
4915 56
4916 68
4917 76
4918 74
4919 62
4920 61
4921 66
4922 68
4923 76
4924 82
4925 93
4926 93
4927 94
4928 92
4929 100
4930 97
4931 80
4932 67
4933 56
4934 63
4935 85
4936 89
4937 90
4938 74
4939 61
4940 68
4941 96
4942 96
4943 105
4944 105
4945 112
4946 121
4947 128
4948 161
4949 146
4950 123
4951 100
4952 78
4953 47
4954 28
4955 33
4956 50
4957 43
4958 38
4959 42
4960 49
4961 56
4962 76
4963 73
4964 87
4965 83
4966 78
4967 69
4968 70
4969 72
4970 72
4971 71
4972 70
4973 63
4974 67
4975 73
4976 74
4977 67
4978 58
4979 62
4980 58
4981 69
4982 76
4983 82
4984 82
4985 89
4986 90
4987 95
4988 85
4989 74
4990 65
4991 46
4992 46
4993 47
4994 50
4995 39
4996 37
4997 30
4998 25
4999 17
5000 25
5001 34
5002 29
5003 30
5004 33
5005 42
5006 46
5007 58
5008 58
5009 52
5010 46
5011 50
5012 57
5013 65
5014 64
5015 67
5016 77
5017 79
5018 71
5019 74
5020 66
5021 76
5022 68
5023 62
5024 49
5025 50
5026 41
5027 41
5028 43
5029 47
5030 45
5031 44
5032 25
5033 13
5034 13
5035 13
5036 19
5037 30
5038 41
5039 41
5040 47
5041 59
5042 58
5043 61
5044 75
5045 88
5046 89
5047 133
5048 165
5049 167
5050 167
5051 160
5052 124
5053 112
5054 72
5055 52
5056 12
5057 9
5058 12
5059 21
5060 39
5061 39
5062 30
5063 11
5064 21
5065 23
5066 33
5067 42
5068 34
5069 52
5070 70
5071 90
5072 97
5073 83
5074 109
5075 107
5076 123
5077 119
5078 132
5079 113
5080 116
5081 123
5082 92
5083 72
5084 72
5085 66
5086 59
5087 45
5088 32
5089 26
5090 16
5091 25
5092 25
5093 25
5094 28
5095 31
5096 30
5097 39
5098 68
5099 71
5100 71
5101 74
5102 60
5103 74
5104 76
5105 59
5106 44
5107 40
5108 31
5109 34
5110 26
5111 17
5112 12
5113 32
5114 40
5115 45
5116 46
5117 44
5118 39
5119 50
5120 53
5121 38
5122 36
5123 32
5124 29
5125 35
5126 34
5127 43
5128 50
5129 49
5130 43
5131 54
5132 61
5133 61
5134 49
5135 42
5136 34
5137 16
5138 13
5139 0
5140 8
5141 16
5142 27
5143 38
5144 43
5145 64
5146 63
5147 60
5148 62
5149 51
5150 40
5151 45
5152 48
5153 48
5154 44
5155 48
5156 48
5157 38
5158 50
5159 41
5160 18
5161 22
5162 18
5163 26
5164 30
5165 30
5166 55
5167 47
5168 53
5169 53
5170 67
5171 66
5172 50
5173 44
5174 31
5175 26
5176 23
5177 35
5178 39
5179 40
5180 35
5181 38
5182 38
5183 38
5184 48
5185 40
5186 38
5187 32
5188 37
5189 48
5190 54
5191 58
5192 50
5193 48
5194 57
5195 61
5196 57
5197 83
5198 84
5199 88
5200 76
5201 66
5202 54
5203 56
5204 55
5205 51
5206 47
5207 55
5208 57
5209 40
5210 39
5211 27
5212 15
5213 13
5214 13
5215 25
5216 35
5217 42
5218 34
5219 31
5220 50
5221 58
5222 63
5223 59
5224 59
5225 57
5226 43
5227 38
5228 31
5229 34
5230 26
5231 23
5232 24
5233 34
5234 44
5235 28
5236 32
5237 33
5238 29
5239 20
5240 16
5241 17
5242 24
5243 29
5244 25
5245 40
5246 37
5247 54
5248 58
5249 73
5250 69
5251 60
5252 58
5253 59
5254 52
5255 47
5256 59
5257 62
5258 55
5259 43
5260 32
5261 30
5262 31
5263 35
5264 34
5265 35
5266 36
5267 37
5268 36
5269 36
5270 29
5271 37
5272 33
5273 34
5274 31
5275 24
5276 18
5277 28
5278 35
5279 44
5280 64
5281 62
5282 67
5283 69
5284 86
5285 87
5286 76
5287 61
5288 52
5289 37
5290 34
5291 31
5292 30
5293 26
5294 22
5295 17
5296 20
5297 20
5298 19
5299 16
5300 17
5301 9
5302 11
5303 27
5304 38
5305 47
5306 54
5307 88
5308 90
5309 82
5310 65
5311 79
5312 93
5313 100
5314 91
5315 88
5316 84
5317 74
5318 69
5319 57
5320 64
5321 55
5322 39
5323 24
5324 24
5325 23
5326 23
5327 28
5328 30
5329 33
5330 21
5331 33
5332 44
5333 39
5334 50
5335 58
5336 63
5337 68
5338 76
5339 68
5340 61
5341 54
5342 44
5343 41
5344 36
5345 50
5346 57
5347 66
5348 56
5349 38
5350 31
5351 24
5352 21
5353 20
5354 16
5355 10
5356 9
5357 8
5358 8
5359 18
5360 20
5361 37
5362 32
5363 38
5364 47
5365 51
5366 44
5367 42
5368 43
5369 39
5370 32
5371 39
5372 38
5373 36
5374 33
5375 34
5376 27
5377 24
5378 17
5379 10
5380 10
5381 10
5382 15
5383 15
5384 8
5385 25
5386 31
5387 18
5388 16
5389 28
5390 27
5391 21
5392 17
5393 22
5394 23
5395 10
5396 0
5397 0
5398 12
5399 20
5400 20
5401 16
5402 18
5403 44
5404 54
5405 60
5406 66
5407 76
5408 80
5409 93
5410 99
5411 90
5412 91
5413 94
5414 96
5415 89
5416 96
5417 91
5418 76
5419 74
5420 67
5421 58
5422 55
5423 62
5424 63
5425 57
5426 52
5427 32
5428 38
5429 38
5430 42
5431 48
5432 44
5433 41
5434 41
5435 38
5436 35
5437 33
5438 26
5439 29
5440 28
5441 34
5442 34
5443 34
5444 37
5445 29
5446 28
5447 32
5448 32
5449 29
5450 30
5451 26
5452 29
5453 24
5454 9
5455 15
5456 13
5457 15
5458 13
5459 22
5460 16
5461 14
5462 8
5463 10
5464 24
5465 21
5466 12
5467 11
5468 15
5469 26
5470 18
5471 22
5472 12
5473 10
5474 10
5475 17
5476 12
5477 20
5478 22
5479 32
5480 32
5481 24
5482 14
5483 11
5484 12
5485 11
5486 10
5487 14
5488 19
5489 27
5490 40
5491 41
5492 54
5493 59
5494 65
5495 64
5496 61
5497 45
5498 42
5499 45
5500 31
5501 26
5502 28
5503 32
5504 23
5505 20
5506 20
5507 19
5508 22
5509 26
5510 19
5511 17
5512 11
5513 15
5514 16
5515 38
5516 38
5517 35
5518 39
5519 48
5520 52
5521 56
5522 48
5523 48
5524 52
5525 45
5526 43
5527 37
5528 31
5529 27
5530 20
5531 20
5532 16
5533 11
5534 8
5535 12
5536 8
5537 7
5538 0
5539 8
5540 9
5541 8
5542 9
5543 10
5544 18
5545 33
5546 38
5547 41
5548 43
5549 42
5550 42
5551 40
5552 37
5553 28
5554 25
5555 25
5556 26
5557 25
5558 30
5559 28
5560 32
5561 41
5562 34
5563 26
5564 22
5565 10
5566 9
5567 7
5568 15
5569 16
5570 20
5571 28
5572 33
5573 35
5574 29
5575 28
5576 27
5577 27
5578 27
5579 13
5580 21
5581 29
5582 35
5583 36
5584 28
5585 26
5586 26
5587 26
5588 24
5589 16
5590 16
5591 14
5592 9
5593 10
5594 11
5595 17
5596 30
5597 35
5598 34
5599 42
5600 42
5601 47
5602 43
5603 40
5604 45
5605 37
5606 46
5607 63
5608 77
5609 82
5610 80
5611 62
5612 51
5613 39
5614 43
5615 33
5616 26
5617 23
5618 15
5619 13
5620 24
5621 25
5622 25
5623 30
5624 44
5625 44
5626 37
5627 43
5628 46
5629 58
5630 53
5631 40
5632 33
5633 49
5634 62
5635 64
5636 73
5637 68
5638 67
5639 70
5640 55
5641 52
5642 31
5643 33
5644 40
5645 43
5646 48
5647 32
5648 29
5649 31
5650 34
5651 27
5652 11
5653 11
5654 12
5655 0
5656 8
5657 9
5658 28
5659 67
5660 78
5661 95
5662 101
5663 107
5664 103
5665 84
5666 75
5667 64
5668 57
5669 42
5670 41
5671 38
5672 41
5673 30
5674 21
5675 11
5676 8
5677 0
5678 9
5679 0
5680 0
5681 8
5682 16
5683 11
5684 12
5685 15
5686 11
5687 18
5688 34
5689 43
5690 69
5691 63
5692 69
5693 48
5694 40
5695 40
5696 33
5697 39
5698 37
5699 34
5700 16
5701 22
5702 27
5703 22
5704 26
5705 27
5706 24
5707 20
5708 19
5709 44
5710 48
5711 39
5712 38
5713 36
5714 42
5715 41
5716 37
5717 42
5718 46
5719 43
5720 37
5721 29
5722 17
5723 14
5724 9
5725 9
5726 8
5727 8
5728 14
5729 20
5730 28
5731 35
5732 34
5733 37
5734 50
5735 41
5736 39
5737 33
5738 35
5739 33
5740 26
5741 14
5742 13
5743 14
5744 19
5745 17
5746 16
5747 22
5748 16
5749 15
5750 14
5751 7
5752 9
5753 8
5754 10
5755 14
5756 17
5757 15
5758 14
5759 12
5760 10
5761 16
5762 14
5763 14
5764 0
5765 8
5766 8
5767 8
5768 8
5769 8
5770 16
5771 9
5772 8
5773 7
5774 8
5775 0
5776 0
5777 0
5778 0
5779 0
5780 8
5781 9
5782 12
5783 18
5784 19
5785 11
5786 12
5787 12
5788 14
5789 25
5790 8
5791 8
5792 0
5793 0
5794 10
5795 12
5796 19
5797 20
5798 23
5799 24
5800 26
5801 26
5802 33
5803 27
5804 27
5805 24
5806 27
5807 20
5808 15
5809 16
5810 16
5811 30
5812 28
5813 49
5814 54
5815 60
5816 55
5817 55
5818 45
5819 23
5820 25
5821 23
5822 39
5823 38
5824 33
5825 38
5826 38
5827 36
5828 31
5829 28
5830 28
5831 43
5832 39
5833 42
5834 41
5835 36
5836 53
5837 43
5838 52
5839 51
5840 44
5841 45
5842 46
5843 41
5844 25
5845 24
5846 19
5847 17
5848 15
5849 15
5850 8
5851 7
5852 8
5853 8
5854 8
5855 8
5856 0
5857 8
5858 20
5859 24
5860 22
5861 26
5862 24
5863 16
5864 19
5865 31
5866 37
5867 30
5868 19
5869 14
5870 9
5871 7
5872 7
5873 0
5874 0
5875 0
5876 0
5877 0
5878 0
5879 0
5880 0
5881 7
5882 7
5883 14
5884 10
5885 8
5886 0
5887 9
5888 11
5889 15
5890 15
5891 7
5892 7
5893 12
5894 0
5895 0
5896 0
5897 0
5898 0
5899 0
5900 0
5901 7
5902 7
5903 0
5904 0
5905 0
5906 9
5907 16
5908 14
5909 0
5910 0
5911 0
5912 0
5913 0
5914 9
5915 10
5916 14
5917 14
5918 13
5919 19
5920 16
5921 16
5922 19
5923 19
5924 19
5925 18
5926 21
5927 11
5928 0
5929 0
5930 9
5931 19
5932 20
5933 24
5934 35
5935 39
5936 44
5937 49
5938 50
5939 54
5940 46
5941 41
5942 33
5943 36
5944 38
5945 41
5946 40
5947 36
5948 23
5949 15
5950 8
5951 7
5952 14
5953 10
5954 9
5955 11
5956 8
5957 11
5958 28
5959 35
5960 39
5961 37
5962 32
5963 37
5964 33
5965 35
5966 34
5967 36
5968 32
5969 27
5970 32
5971 31
5972 28
5973 19
5974 16
5975 7
5976 7
5977 0
5978 0
5979 0
5980 0
5981 8
5982 8
5983 19
5984 20
5985 28
5986 30
5987 26
5988 25
5989 28
5990 32
5991 37
5992 35
5993 32
5994 27
5995 8
5996 0
5997 0
5998 11
5999 15
6000 18
6001 33
6002 33
6003 27
6004 28
6005 21
6006 17
6007 16
6008 8
6009 8
6010 12
6011 13
6012 10
6013 12
6014 12
6015 10
6016 0
6017 0
6018 0
6019 8
6020 10
6021 13
6022 24
6023 26
6024 25
6025 21
6026 17
6027 19
6028 20
6029 19
6030 20
6031 20
6032 19
6033 17
6034 8
6035 8
6036 7
6037 0
6038 8
6039 9
6040 11
6041 12
6042 12
6043 13
6044 8
6045 0
6046 8
6047 10
6048 11
6049 10
6050 10
6051 10
6052 9
6053 9
6054 17
6055 15
6056 7
6057 7
6058 9
6059 0
6060 0
6061 0
6062 0
6063 7
6064 16
6065 17
6066 16
6067 15
6068 16
6069 19
6070 19
6071 19
6072 17
6073 19
6074 15
6075 10
6076 16
6077 9
6078 12
6079 12
6080 15
6081 14
6082 21
6083 22
6084 17
6085 12
6086 22
6087 21
6088 10
6089 0
6090 0
6091 16
6092 24
6093 29
6094 29
6095 30
6096 30
6097 27
6098 19
6099 18
6100 9
6101 9
6102 8
6103 15
6104 7
6105 8
6106 8
6107 8
6108 11
6109 8
6110 9
6111 8
6112 10
6113 7
6114 8
6115 22
6116 25
6117 25
6118 23
6119 16
6120 16
6121 17
6122 16
6123 16
6124 15
6125 15
6126 10
6127 0
6128 0
6129 0
6130 0
6131 0
6132 0
6133 0
6134 0
6135 10
6136 10
6137 11
6138 15
6139 27
6140 21
6141 10
6142 0
6143 8
6144 10
6145 0
6146 9
6147 23
6148 32
6149 42
6150 44
6151 39
6152 32
6153 24
6154 19
6155 26
6156 18
6157 9
6158 11
6159 13
6160 21
6161 28
6162 27
6163 31
6164 28
6165 28
6166 27
6167 21
6168 0
6169 0
6170 7
6171 0
6172 8
6173 9
6174 20
6175 24
6176 35
6177 28
6178 34
6179 32
6180 28
6181 24
6182 28
6183 33
6184 31
6185 17
6186 13
6187 14
6188 17
6189 17
6190 16
6191 14
6192 13
6193 12
6194 9
6195 0
6196 0
6197 0
6198 0
6199 0
6200 0
6201 8
6202 10
6203 13
6204 12
6205 0
6206 0
6207 10
6208 17
6209 22
6210 24
6211 25
6212 25
6213 28
6214 27
6215 24
6216 30
6217 27
6218 24
6219 23
6220 16
6221 17
6222 11
6223 11
6224 11
6225 9
6226 10
6227 14
6228 11
6229 11
6230 12
6231 10
6232 11
6233 8
6234 7
6235 7
6236 8
6237 18
6238 20
6239 20
6240 22
6241 24
6242 21
6243 17
6244 16
6245 15
6246 15
6247 8
6248 7
6249 7
6250 0
6251 0
6252 0
6253 0
6254 0
6255 0
6256 8
6257 8
6258 20
6259 17
6260 10
6261 16
6262 15
6263 8
6264 8
6265 15
6266 15
6267 8
6268 7
6269 7
6270 7
6271 8
6272 17
6273 14
6274 0
6275 0
6276 0
6277 0
6278 9
6279 8
6280 0
6281 0
6282 0
6283 0
6284 0
6285 0
6286 0
6287 0
6288 0
6289 0
6290 8
6291 8
6292 0
6293 9
6294 8
6295 8
6296 8
6297 7
6298 7
6299 10
6300 0
6301 0
6302 0
6303 0
6304 0
6305 0
6306 0
6307 0
6308 0
6309 0
6310 0
6311 0
6312 0
6313 0
6314 0
6315 7
6316 0
6317 0
6318 0
6319 0
6320 0
6321 0
6322 0
6323 8
6324 10
6325 11
6326 14
6327 20
6328 21
6329 20
6330 20
6331 12
6332 11
6333 10
6334 9
6335 8
6336 9
6337 11
6338 12
6339 14
6340 13
6341 11
6342 18
6343 18
6344 19
6345 24
6346 25
6347 22
6348 14
6349 11
6350 9
6351 14
6352 9
6353 0
6354 0
6355 0
6356 0
6357 7
6358 7
6359 7
6360 19
6361 25
6362 31
6363 34
6364 35
6365 33
6366 37
6367 34
6368 12
6369 9
6370 9
6371 8
6372 8
6373 0
6374 0
6375 0
6376 0
6377 0
6378 0
6379 0
6380 0
6381 0
6382 0
6383 0
6384 7
6385 8
6386 8
6387 9
6388 18
6389 18
6390 19
6391 11
6392 9
6393 9
6394 9
6395 9
6396 8
6397 10
6398 14
6399 17
6400 17
6401 15
6402 26
6403 27
6404 25
6405 20
6406 11
6407 9
6408 8
6409 0
6410 0
6411 0
6412 0
6413 0
6414 0
6415 0
6416 0
6417 9
6418 9
6419 9
6420 0
6421 0
6422 0
6423 7
6424 7
6425 7
6426 8
6427 8
6428 9
6429 9
6430 9
6431 8
6432 8
6433 8
6434 0
6435 0
6436 0
6437 0
6438 0
6439 0
6440 0
6441 9
6442 8
6443 8
6444 8
6445 8
6446 8
6447 8
6448 8
6449 8
6450 8
6451 17
6452 14
6453 8
6454 8
6455 8
6456 8
6457 0
6458 0
6459 0
6460 0
6461 0
6462 0
6463 0
6464 0
6465 0
6466 0
6467 0
6468 0
6469 0
6470 0
6471 0
6472 0
6473 0
6474 0
6475 0
6476 0
6477 0
6478 0
6479 9
6480 9
6481 9
6482 0
6483 0
6484 0
6485 0
6486 0
6487 11
6488 9
6489 7
6490 0
6491 0
6492 0
6493 0
6494 0
6495 0
6496 0
6497 0
6498 0
6499 0
6500 0
6501 0
6502 0
6503 0
6504 0
6505 0
6506 0
6507 0
6508 0
6509 0
6510 0
6511 0
6512 0
6513 0
6514 0
6515 0
6516 0
6517 0
6518 8
6519 0
6520 0
6521 0
6522 0
6523 0
6524 0
6525 0
6526 0
6527 0
6528 10
6529 9
6530 0
6531 0
6532 0
6533 0
6534 0
6535 0
6536 10
6537 8
6538 7
6539 0
6540 0
6541 0
6542 28
6543 10
6544 9
6545 7
6546 9
6547 8
6548 16
6549 15
6550 25
6551 26
6552 24
6553 24
6554 28
6555 30
6556 24
6557 22
6558 18
6559 11
6560 7
6561 0
6562 0
6563 0
6564 0
6565 0
6566 0
6567 0
6568 0
6569 0
6570 0
6571 0
6572 0
6573 0
6574 7
6575 7
6576 7
6577 10
6578 8
6579 11
6580 11
6581 9
6582 0
6583 8
6584 8
6585 0
6586 0
6587 0
6588 0
6589 0
6590 0
6591 0
6592 0
6593 0
6594 0
6595 0
6596 0
6597 0
6598 0
6599 0
6600 0
6601 0
6602 0
6603 8
6604 8
6605 11
6606 9
6607 9
6608 8
6609 0
6610 0
6611 0
6612 0
6613 0
6614 0
6615 0
6616 0
6617 0
6618 0
6619 0
6620 0
6621 0
6622 0
6623 0
6624 0
6625 0
6626 0
6627 0
6628 0
6629 8
6630 8
6631 8
6632 0
6633 0
6634 0
6635 0
6636 7
6637 0
6638 0
6639 8
6640 0
6641 0
6642 0
6643 9
6644 0
6645 0
6646 0
6647 0
6648 7
6649 7
6650 7
6651 0
6652 0
6653 0
6654 0
6655 0
6656 0
6657 19
6658 32
6659 36
6660 35
6661 34
6662 30
6663 31
6664 25
6665 16
6666 9
6667 9
6668 7
6669 0
6670 0
6671 0
6672 0
6673 0
6674 0
6675 0
6676 0
6677 7
6678 7
6679 0
6680 0
6681 0
6682 0
6683 8
6684 0
6685 0
6686 8
6687 8
6688 7
6689 0
6690 0
6691 0
6692 0
6693 0
6694 0
6695 7
6696 0
6697 0
6698 7
6699 8
6700 0
6701 0
6702 0
6703 0
6704 0
6705 0
6706 0
6707 8
6708 0
6709 9
6710 14
6711 12
6712 15
6713 11
6714 7
6715 0
6716 0
6717 0
6718 0
6719 0
6720 0
6721 0
6722 0
6723 0
6724 0
6725 0
6726 0
6727 0
6728 0
6729 0
6730 9
6731 0
6732 0
6733 0
6734 0
6735 9
6736 8
6737 7
6738 8
6739 0
6740 7
6741 7
6742 7
6743 8
6744 7
6745 8
6746 8
6747 8
6748 0
6749 0
6750 0
6751 0
6752 0
6753 0
6754 0
6755 0
6756 0
6757 0
6758 0
6759 0
6760 0
6761 0
6762 0
6763 0
6764 0
6765 0
6766 0
6767 0
6768 0
6769 0
6770 0
6771 0
6772 0
6773 8
6774 9
6775 8
6776 0
6777 0
6778 0
6779 0
6780 0
6781 0
6782 0
6783 0
6784 0
6785 0
6786 0
6787 0
6788 0
6789 0
6790 0
6791 0
6792 0
6793 0
6794 0
6795 0
6796 0
6797 0
6798 0
6799 0
6800 0
6801 0
6802 0
6803 0
6804 0
6805 0
6806 0
6807 7
6808 8
6809 0
6810 0
6811 0
6812 0
6813 0
6814 0
6815 0
6816 0
6817 0
6818 0
6819 0
6820 0
6821 0
6822 0
6823 0
6824 0
6825 0
6826 0
6827 0
6828 7
6829 0
6830 0
6831 0
6832 0
6833 0
6834 0
6835 0
6836 0
6837 0
6838 0
6839 8
6840 9
6841 0
6842 0
6843 0
6844 0
6845 0
6846 8
6847 0
6848 0
6849 0
6850 0
6851 7
6852 0
6853 0
6854 0
6855 0
6856 0
6857 7
6858 9
6859 11
6860 9
6861 9
6862 8
6863 12
6864 8
6865 0
6866 0
6867 0
6868 0
6869 0
6870 0
6871 0
6872 0
6873 0
6874 0
6875 0
6876 0
6877 0
6878 9
6879 9
6880 11
6881 11
6882 10
6883 8
6884 7
6885 0
6886 0
6887 0
6888 0
6889 12
6890 14
6891 9
6892 8
6893 8
6894 8
6895 7
6896 0
6897 0
6898 0
6899 0
6900 0
6901 0
6902 0
6903 0
6904 0
6905 0
6906 0
6907 0
6908 0
6909 0
6910 0
6911 0
6912 0
6913 0
6914 0
6915 0
6916 0
6917 0
6918 9
6919 8
6920 9
6921 0
6922 0
6923 0
6924 0
6925 0
6926 0
6927 0
6928 0
6929 0
6930 0
6931 0
6932 0
6933 0
6934 0
6935 0
6936 0
6937 0
6938 0
6939 0
6940 0
6941 0
6942 0
6943 0
6944 0
6945 0
6946 0
6947 0
6948 7
6949 9
6950 10
6951 8
6952 7
6953 0
6954 0
6955 0
6956 0
6957 0
6958 7
6959 0
6960 0
6961 0
6962 0
6963 0
6964 0
6965 0
6966 0
6967 0
6968 0
6969 0
6970 0
6971 0
6972 0
6973 0
6974 0
6975 0
6976 0
6977 0
6978 0
6979 0
6980 0
6981 8
6982 7
6983 7
6984 0
6985 0
6986 0
6987 0
6988 0
6989 0
6990 0
6991 0
6992 0
6993 0
6994 8
6995 8
6996 0
6997 0
6998 0
6999 0
7000 0
7001 0
7002 0
7003 0
7004 8
7005 8
7006 0
7007 0
7008 0
7009 0
7010 0
7011 0
7012 0
7013 0
7014 0
7015 0
7016 0
7017 0
7018 0
7019 0
7020 0
7021 0
7022 0
7023 0
7024 7
7025 0
7026 0
7027 0
7028 0
7029 0
7030 0
7031 0
7032 0
7033 0
7034 0
7035 0
7036 0
7037 0
7038 0
7039 0
7040 0
7041 0
7042 0
7043 0
7044 0
7045 0
7046 0
7047 0
7048 0
7049 0
7050 7
7051 0
7052 0
7053 0
7054 0
7055 0
7056 0
7057 0
7058 8
7059 8
7060 0
7061 0
7062 0
7063 7
7064 0
7065 0
7066 0
7067 0
7068 0
7069 0
7070 0
7071 0
7072 7
7073 10
7074 9
7075 8
7076 9
7077 8
7078 7
7079 0
7080 0
7081 8
7082 8
7083 0
7084 0
7085 0
7086 0
7087 0
7088 0
7089 0
7090 10
7091 11
7092 12
7093 11
7094 9
7095 8
7096 0
7097 0
7098 0
7099 0
7100 0
7101 0
7102 0
7103 0
7104 0
7105 0
7106 0
7107 7
7108 0
7109 0
7110 0
7111 7
7112 8
7113 7
7114 8
7115 0
7116 0
7117 0
7118 0
7119 0
7120 0
7121 0
7122 0
7123 0
7124 14
7125 16
7126 14
7127 11
7128 12
7129 10
7130 9
7131 0
7132 0
7133 0
7134 0
7135 0
7136 0
7137 0
7138 0
7139 0
7140 0
7141 0
7142 0
7143 7
7144 0
7145 0
7146 0
7147 0
7148 0
7149 0
7150 7
7151 0
7152 0
7153 0
7154 0
7155 0
7156 0
7157 0
7158 0
7159 0
7160 0
7161 0
7162 0
7163 0
7164 0
7165 0
7166 0
7167 0
7168 0
7169 0
7170 0
7171 0
7172 0
7173 0
7174 0
7175 0
7176 0
7177 0
7178 0
7179 0
7180 0
7181 0
7182 0
7183 8
7184 0
7185 0
7186 0
7187 0
7188 0
7189 0
7190 0
7191 0
7192 0
7193 0
7194 0
7195 0
7196 0
7197 0
7198 0
7199 0
7200 0
7201 0
7202 0
7203 8
7204 13
7205 20
7206 20
7207 17
7208 9
7209 7
7210 10
7211 9
7212 7
7213 7
7214 0
7215 0
7216 0
7217 0
7218 0
7219 0
7220 0
7221 0
7222 0
7223 7
7224 0
7225 0
7226 0
7227 0
7228 0
7229 0
7230 0
7231 0
7232 0
7233 0
7234 0
7235 10
7236 16
7237 19
7238 19
7239 19
7240 19
7241 16
7242 11
7243 0
7244 0
7245 0
7246 0
7247 0
7248 7
7249 8
7250 0
7251 0
7252 8
7253 7
7254 7
7255 0
7256 7
7257 8
7258 7
7259 8
7260 0
7261 9
7262 17
7263 15
7264 9
7265 8
7266 0
7267 0
7268 0
7269 0
7270 0
7271 0
7272 0
7273 0
7274 0
7275 0
7276 0
7277 0
7278 0
7279 0
7280 0
7281 0
7282 0
7283 8
7284 7
7285 8
7286 9
7287 20
7288 24
7289 23
7290 20
7291 15
7292 15
7293 30
7294 29
7295 23
7296 16
7297 12
7298 0
7299 9
7300 10
7301 12
7302 13
7303 11
7304 14
7305 12
7306 14
7307 11
7308 10
7309 7
7310 0
7311 0
7312 10
7313 10
7314 15
7315 25
7316 24
7317 21
7318 18
7319 18
7320 16
7321 12
7322 9
7323 0
7324 9
7325 12
7326 21
7327 26
7328 26
7329 23
7330 17
7331 9
7332 8
7333 8
7334 8
7335 11
7336 11
7337 9
7338 9
7339 8
7340 8
7341 24
7342 25
7343 39
7344 37
7345 33
7346 29
7347 27
7348 28
7349 22
7350 20
7351 20
7352 28
7353 15
7354 13
7355 13
7356 11
7357 11
7358 10
7359 20
7360 19
7361 18
7362 9
7363 9
7364 15
7365 24
7366 23
7367 25
7368 18
7369 0
7370 8
7371 11
7372 0
7373 0
7374 22
7375 23
7376 20
7377 21
7378 17
7379 15
7380 18
7381 19
7382 14
7383 9
7384 14
7385 11
7386 9
7387 11
7388 15
7389 14
7390 22
7391 20
7392 21
7393 21
7394 17
7395 17
7396 17
7397 18
7398 25
7399 26
7400 19
7401 16
7402 22
7403 7
7404 8
7405 8
7406 8
7407 7
7408 0
7409 0
7410 0
7411 0
7412 0
7413 0
7414 0
7415 7
7416 7
7417 0
7418 0
7419 12
7420 0
7421 0
7422 8
7423 0
7424 7
7425 8
7426 13
7427 25
7428 32
7429 29
7430 12
7431 10
7432 10
7433 0
7434 0
7435 0
7436 0
7437 0
7438 0
7439 0
7440 0
7441 0
7442 0
7443 0
7444 0
7445 9
7446 13
7447 14
7448 12
7449 15
7450 10
7451 8
7452 8
7453 12
7454 18
7455 11
7456 11
7457 13
7458 15
7459 20
7460 19
7461 9
7462 13
7463 10
7464 21
7465 28
7466 33
7467 33
7468 18
7469 10
7470 0
7471 0
7472 9
7473 9
7474 19
7475 13
7476 10
7477 11
7478 10
7479 9
7480 12
7481 13
7482 8
7483 8
7484 16
7485 8
7486 8
7487 8
7488 8
7489 9
7490 17
7491 16
7492 8
7493 8
7494 11
7495 14
7496 23
7497 22
7498 19
7499 11
7500 16
7501 10
7502 9
7503 9
7504 9
7505 19
7506 22
7507 23
7508 28
7509 30
7510 25
7511 21
7512 12
7513 22
7514 24
7515 20
7516 17
7517 16
7518 16
7519 9
7520 21
7521 34
7522 34
7523 32
7524 25
7525 36
7526 38
7527 44
7528 33
7529 27
7530 22
7531 25
7532 34
7533 17
7534 15
7535 10
7536 8
7537 0
7538 0
7539 0
7540 8
7541 15
7542 15
7543 8
7544 8
7545 18
7546 19
7547 20
7548 21
7549 40
7550 34
7551 40
7552 30
7553 20
7554 10
7555 0
7556 0
7557 11
7558 8
7559 9
7560 18
7561 19
7562 19
7563 30
7564 37
7565 35
7566 34
7567 27
7568 26
7569 25
7570 27
7571 27
7572 27
7573 34
7574 39
7575 38
7576 38
7577 33
7578 25
7579 19
7580 20
7581 15
7582 9
7583 0
7584 0
7585 0
7586 9
7587 9
7588 9
7589 9
7590 16
7591 26
7592 29
7593 34
7594 40
7595 42
7596 44
7597 36
7598 25
7599 25
7600 31
7601 42
7602 47
7603 44
7604 29
7605 22
7606 27
7607 23
7608 24
7609 13
7610 11
7611 11
7612 9
7613 17
7614 22
7615 23
7616 23
7617 19
7618 30
7619 32
7620 30
7621 43
7622 38
7623 38
7624 37
7625 35
7626 29
7627 26
7628 18
7629 17
7630 15
7631 16
7632 8
7633 15
7634 14
7635 8
7636 18
7637 15
7638 0
7639 19
7640 21
7641 24
7642 31
7643 26
7644 17
7645 18
7646 18
7647 17
7648 21
7649 16
7650 16
7651 28
7652 16
7653 8
7654 14
7655 7
7656 0
7657 0
7658 0
7659 0
7660 10
7661 10
7662 8
7663 15
7664 20
7665 10
7666 13
7667 11
7668 8
7669 27
7670 33
7671 33
7672 32
7673 33
7674 25
7675 19
7676 24
7677 17
7678 22
7679 18
7680 17
7681 15
7682 9
7683 0
7684 8
7685 14
7686 19
7687 22
7688 18
7689 20
7690 23
7691 22
7692 23
7693 20
7694 19
7695 17
7696 14
7697 9
7698 10
7699 13
7700 14
7701 15
7702 13
7703 18
7704 22
7705 16
7706 11
7707 9
7708 39
7709 31
7710 21
7711 35
7712 37
7713 48
7714 53
7715 51
7716 48
7717 40
7718 52
7719 50
7720 42
7721 29
7722 23
7723 19
7724 15
7725 8
7726 26
7727 27
7728 31
7729 44
7730 40
7731 52
7732 70
7733 82
7734 92
7735 98
7736 0
7737 80
7738 59
7739 59
7740 59
7741 66
7742 43
7743 34
7744 27
7745 27
7746 20
7747 23
7748 21
7749 17
7750 32
7751 30
7752 39
7753 69
7754 72
7755 84
7756 88
7757 74
7758 68
7759 62
7760 48
7761 45
7762 43
7763 48
7764 40
7765 41
7766 58
7767 60
7768 56
7769 40
7770 48
7771 66
7772 79
7773 88
7774 91
7775 66
7776 51
7777 51
7778 51
7779 52
7780 57
7781 62
7782 56
7783 46
7784 40
7785 53
7786 52
7787 44
7788 44
7789 57
7790 50
7791 39
7792 51
7793 54
7794 54
7795 32
7796 31
7797 45
7798 60
7799 64
7800 47
7801 33
7802 26
7803 37
7804 41
7805 41
7806 36
7807 29
7808 26
7809 25
7810 26
7811 40
7812 22
7813 8
7814 17
7815 30
7816 45
7817 52
7818 70
7819 82
7820 76
7821 83
7822 89
7823 86
7824 76
7825 53
7826 46
7827 38
7828 30
7829 26
7830 22
7831 15
7832 11
7833 10
7834 24
7835 34
7836 39
7837 39
7838 40
7839 31
7840 26
7841 33
7842 33
7843 38
7844 43
7845 33
7846 18
7847 10
7848 25
7849 27
7850 32
7851 38
7852 30
7853 28
7854 31
7855 22
7856 23
7857 26
7858 43
7859 33
7860 40
7861 51
7862 49
7863 46
7864 46
7865 56
7866 50
7867 63
7868 78
7869 74
7870 48
7871 41
7872 37
7873 29
7874 29
7875 20
7876 29
7877 43
7878 65
7879 61
7880 62
7881 67
7882 82
7883 73
7884 62
7885 71
7886 68
7887 61
7888 61
7889 54
7890 47
7891 28
7892 29
7893 22
7894 14
7895 0
7896 9
7897 24
7898 39
7899 45
7900 46
7901 45
7902 56
7903 71
7904 75
7905 54
7906 50
7907 66
7908 59
7909 49
7910 43
7911 69
7912 96
7913 85
7914 88
7915 91
7916 68
7917 74
7918 58
7919 47
7920 35
7921 47
7922 52
7923 61
7924 90
7925 94
7926 10
7927 24
7928 24
7929 4
7930 93
7931 92
7932 80
7933 70
7934 71
7935 59
7936 75
7937 79
7938 73
7939 67
7940 71
7941 83
7942 75
7943 83
7944 83
7945 79
7946 90
7947 70
7948 70
7949 62
7950 48
7951 55
7952 63
7953 87
7954 2
7955 13
7956 19
7957 4
7958 8
7959 23
7960 9
7961 99
7962 28
7963 36
7964 22
7965 94
7966 91
7967 77
7968 73
7969 65
7970 71
7971 66
7972 72
7973 67
7974 87
7975 89
7976 87
7977 69
7978 79
7979 1
7980 20
7981 19
7982 23
7983 18
7984 13
7985 9
7986 13
7987 14
7988 98
7989 87
7990 84
7991 92
7992 89
7993 95
7994 88
7995 96
7996 99
7997 91
7998 10
7999 91
8000 86
8001 94
8002 92
8003 0
8004 86
8005 85
8006 3
8007 8
8008 1
8009 1
8010 88
8011 6
8012 76
8013 68
8014 62
8015 51
8016 54
8017 52
8018 38
8019 50
8020 60
8021 67
8022 77
8023 72
8024 73
8025 69
8026 69
8027 56
8028 65
8029 78
8030 76
8031 73
8032 75
8033 62
8034 62

