                           DAILY SUNSPOT NUMBERS 1890
===============================================================================
 Jan   Feb   Mar   Apr   May   Jun   Jul   Aug   Sep   Oct   Nov   Dec   Yr Day
-------------------------------------------------------------------------------
  12    12     3     0     2     0     0    21    37    14     0    11  1890 01
  12     0     0     0     0     0     0    18    33     4     0    11  1890 02
   7     0     3     0     0     0     0     9    42     3     0    16  1890 03
  12     0    14     0     0     0     2    10    27     0     0     0  1890 04
  12     0    14     0     0     3    14    15    26     0     0     0  1890 05
  17     0    10     0     0     5    17     7    31     6     0     0  1890 06
   0     0    14     0     0    10    19     6    21     3     0     0  1890 07
   0     0    15     0     0    13    28     2    18     3    14     2  1890 08
   0     0    16     0     3     0    30     0    20     0    18     1  1890 09
   0     0    18     0    15     5    30     2    18     0    11     1  1890 10
   0     0    17     4    18     2    17     2    18     8    18     2  1890 11
   1     0    15     7    18     0    14     0    18     3    15     0  1890 12
   0     0    12     6     7     0    14     0     2     0    18    17  1890 13
   0     3     4     2     0     0     5     0     0     3    10    21  1890 14
   0     0     3     3     0     0     0     2     5     2     2    22  1890 15
   4     0     0     3     0     0     0     0     6     0     0    26  1890 16
   7     0     0     0    10     0     0     0     9     0     0    10  1890 17
   0     0     0     0    16     0     0     0    20     0     3    22  1890 18
  20     0     0     0    24     0     0     0    18     0     0    19  1890 19
  20     0     0     0     8     0     0     0     6    20     0    21  1890 20
  18     0     0     0    12     0     0     0     3    24     0     3  1890 21
   4     0     0     0     6     0     5     0     2    26    18     3  1890 22
   0     0     0     0     2     0    15     0     0    35    12     4  1890 23
   0     0     0     0     2     2    15     0    12    27    21     0  1890 24
   0     0     0     2     0     0    15    24    18    28    28     6  1890 25
   0     0     0     0     5     0    16     0    18    34    20     7  1890 26
   0     0     0     0     0     0    16    24    24    26    22     5  1890 27
   0     3     0     3     0     0    16    27    20    27    19     5  1890 28
   0           0     4     0     0    26    29    19    25    20     6  1890 29
   4           0    14     0     0    28    36    25    15    18     0  1890 30
  14           0           0          18    30          11           2  1890 31
-------------------------------------------------------------------------------
  5.3   0.6   5.1   1.6   4.8   1.3  11.6   8.5  17.2  11.2   9.6   7.8   Mean
-------------------------------------------------------------------------------
Yearly Mean = 7.1
