                           DAILY SUNSPOT NUMBERS 1832
===============================================================================
 Jan   Feb   Mar   Apr   May   Jun   Jul   Aug   Sep   Oct   Nov   Dec   Yr Day
-------------------------------------------------------------------------------
        32    57    44          14           0    17    21    50    29  1832 01
  14    35    54    14    54    29           0    26    39    15    26  1832 02
  14    30    94    17    49    15     0    17    14    20          52  1832 03
  44    35          29    45    17    14    30          19    31        1832 04
  14    22   109          45    19    15    17     0    15    17        1832 05
              46    32    31    22     0    27     0          17        1832 06
   0                31    35    21     0    14    17          13    56  1832 07
              35    64    19    36    15    15    16    16          46  1832 08
              32    62    17          32    15    16    34              1832 09
   0    45    67          45    29    35    16    19    19    15        1832 10
        26    34          21    32    19    27    19    22    13        1832 11
              64    57    26    40    31    15    19                14  1832 12
        35    74    29    49    26    35    21    16                    1832 13
        42    68    30    52          34    26    15    42           0  1832 14
  30    70    56    47    50    13    31    19    30    19    15    15  1832 15
  61    61    54    16    54                16    13     0           0  1832 16
        80          16    81    13           0     0                    1832 17
        64    66    16    61    31    16     0     0    13     0    15  1832 18
        64          16                13     0     0    26          14  1832 19
        60          15    37    42    15     0     0    29     0    14  1832 20
  70    75    55     0    32    27     0     0     0    17     0        1832 21
        85          15    46           0     0     0    15     0        1832 22
        95    44    14    37    26     0     0     0    21    14    44  1832 23
        87    30    14    35    45    14     0     0    35    14    67  1832 24
  51    76          27          49           0     0    26          23  1832 25
  42                15    52           0     0     0    14    15        1832 26
        26          19    64           0     0     0     0    15    40  1832 27
        67          47    45    26     0     0     0          14        1832 28
        66    37    21    46    16    15     0     0    23              1832 29
              35    20    14          15     0     0    19              1832 30
              46          14                 0          24          13  1832 31
-------------------------------------------------------------------------------
 30.9  55.6  55.1  26.9  41.3  26.7  14.0   8.9   8.2  21.1  14.3  27.5   Mean
-------------------------------------------------------------------------------
Yearly Mean = 27.5
