                           DAILY SUNSPOT NUMBERS 1943
===============================================================================
 Jan   Feb   Mar   Apr   May   Jun   Jul   Aug   Sep   Oct   Nov   Dec   Yr Day
-------------------------------------------------------------------------------
   8    10    46    24     9     9     0    10     0    15    10    22  1943 01
   8    11    38    22    13     7     0    17     0    15    10    21  1943 02
   8    20    16    22    12     0     0     8     0    17    10    18  1943 03
   8    16    10    30     9     0     0     8     0    19     9    17  1943 04
   0     7    16    24     8     7     0    18     0    14     8    14  1943 05
  16     0    19    24     8     0     0    18     0    13     0    21  1943 06
  10     0    37    12     8     0     8    17    19    11     0    29  1943 07
  14    25    32    14     8    16    16    27    29    10     0    14  1943 08
  12    38    39    19    18     8    34    25    31    13     0    19  1943 09
  18    37    39    26     7     8    32    18    26    10     0    24  1943 10
  14    37    53    31     7     8    28    19    29     8     0    14  1943 11
  13    31    46    33    13     8    30    19    22     0     0    12  1943 12
  12    21    44    20    14    19    32    19     0     0    10    11  1943 13
   9    29    21    20    17    19    21    26     0     0    13    28  1943 14
   0    16    29    28    14    14    19    25     0     0    22    32  1943 15
   0    16    11    27    21    18    17    25     0     0    25    32  1943 16
  11    11     0    32    37    15    14    32     0     0    25    37  1943 17
  19    15    10    35    47     7    13    41    23     7     0    48  1943 18
  26    11    11    41    34     0     9    53    20     9     0    30  1943 19
  21    20    21    36    20     7     8    49    13     0     0    41  1943 20
  25    31    37    38    13     0     8    36    12     0    11    27  1943 21
  25    54    25    45    13     0     8    22    10     0    15    22  1943 22
  15    62    35    41    10    10     0    20     7     0    13    22  1943 23
  25    60    34    36    10    13     8     9     0     9    15    17  1943 24
  27    63    28    34    10    10    12     0     0     9    16    12  1943 25
  10    61    25    22    10    10    12     0     9     9    13     0  1943 26
   8    50    24    20    11     8    17    11    11     9    20     0  1943 27
   9    56    20     8     9     7    21    12    13     9    19     0  1943 28
   7          26    10     9     0    19    10    13    14    20     0  1943 29
   0          25    10     9     0    16     7    14    11    21     0  1943 30
   8          33          10           8     0          10           0  1943 31
-------------------------------------------------------------------------------
 12.4  28.9  27.4  26.1  14.1   7.6  13.2  19.4  10.0   7.8  10.2  18.8   Mean
-------------------------------------------------------------------------------
Yearly Mean = 16.3
