                           DAILY SUNSPOT NUMBERS 1955
===============================================================================
 Jan   Feb   Mar   Apr   May   Jun   Jul   Aug   Sep   Oct   Nov   Dec   Yr Day
-------------------------------------------------------------------------------
  22    19    23     9    23    26    35    25    89    37   102    99  1955 01
  17    28    20    14    21    25    38    20    88    54    92    87  1955 02
  12    33    16     8    32    13    38    16    80    58    77    75  1955 03
  20    34    15    21    45    22    43     0    85    64    52    86  1955 04
  32    32     8    36    44    25    48    26    78    62    50   100  1955 05
  40    28     8    30    28    32    60    46    70    60    36   100  1955 06
  54    34     8    32    20    26    47    61    74    71    71    84  1955 07
  54    24     8    31    17    23    47    77    68    71    84    72  1955 08
  35    28     7    19     0    24    39    83    64    79   115    65  1955 09
  33    27     0    10     0    27    41    87    52    56   131    74  1955 10
  30    27     0     0     9    48    35    85    40    55   150    80  1955 11
  29    26     0     0     7    47    35    77    40    61   152    79  1955 12
  28    27     0     0     0    40    35    77    40    41   140    71  1955 13
  27    10     0     0     0    56    37    60    33    22   130    63  1955 14
  17     8     0     7     7    53    29    44    46     7   122    75  1955 15
  16    16     0     9    16    62    22    28    25     0   105    68  1955 16
  15     9     0    13    29    65    20    16    38     0    90    70  1955 17
  11     0     0     0    32    62     7    15    41     0    75    85  1955 18
  10     0     0     0    34    61    26    13    29    11    55    89  1955 19
   7     0     0     0    45    65    32    17    23    21    60    92  1955 20
   8     7     0     8    53    55    11    22     7    23    60   105  1955 21
   8     9     0     0    53    37     9    23     0    42    61    85  1955 22
  14    19     0     0    50    15     0    23     7    57    63    64  1955 23
  22    26     0     8    48     0     0    14    25    86    70    51  1955 24
  21    28     0     0    45     0     8    11    30    95    77    53  1955 25
  25    28     0     0    45     0     0    26    11   107    81    61  1955 26
  25    28     7    10    45     0    11    44    21    98    90    62  1955 27
  19    26     0    22    45     8    12    56    24   108    97    65  1955 28
  22           7    23    44    11    16    57    21   119    95    72  1955 29
  22          15    29    36    23    20    52    32   124    93    81  1955 30
  22          10          24          26    62         123          70  1955 31
-------------------------------------------------------------------------------
 23.1  20.8   4.9  11.3  28.9  31.7  26.7  40.7  42.7  58.5  89.2  76.9   Mean
-------------------------------------------------------------------------------
Yearly Mean = 38.0
