                           DAILY SUNSPOT NUMBERS 1969
===============================================================================
 Jan   Feb   Mar   Apr   May   Jun   Jul   Aug   Sep   Oct   Nov   Dec   Yr Day
-------------------------------------------------------------------------------
  68    92   132   156    90    32   125   175   105    99    82    91  1969 01
  75    96   111   143    77    47   134   182    94   101    68   107  1969 02
  72    98   103   143    70    74   167   177    81    99    83   102  1969 03
  98    86   105   122    73    77   160   180    74    99    86   103  1969 04
 117    94   108   101    88   116   145   171    71   109    88    95  1969 05
 128   101   117    78    71   157   130   153    72   120    98    70  1969 06
 146   122   115    82    57   187   123   139    71   123    97    53  1969 07
 155   109   108    77    87   190   122   114    67   109    89    43  1969 08
 152   102   113    90    81   185   122   108    51    93    94    44  1969 09
 150    85   107    85   100   192   120   105    51    85    85    39  1969 10
 138    74   101    92   125   195   120    86    67    72    81    28  1969 11
 137    64    85    91   149   187   112    70    73    60    76    51  1969 12
 124    55    88   122   155   178    98    62    91    57    67    74  1969 13
 119    54    90   149   169   166    79    59    95    63    67    94  1969 14
 116    70   114   152   146   149    77    62   114    54    68    97  1969 15
 116    87   158   144   121   134    75    50   118    47    67    97  1969 16
 100   104   170   155   124   105    78    41   123    42    75    99  1969 17
  85   101   198   148   117   102    73    35   121    45    86    93  1969 18
  73   126   192   128   120    86    66    32    89    50    94    88  1969 19
  76   142   196   124   123    97    61    28    65    87   123    96  1969 20
  85   169   207   122   163    84    62    39    75   102   127   116  1969 21
 105   198   195    90   178    56    60    48    89   113   132   135  1969 22
  88   207   157    80   198    43    55    62    91   127   129   122  1969 23
  97   215   146    81   205    43    55    68    98   137   119   129  1969 24
 103   208   142    81   182    51    53    77   119   141   118   137  1969 25
 100   189   149    78   177    28    53    91   127   145   113   131  1969 26
  85   171   138    78   145    35    57   104   123   145   109   136  1969 27
  79   155   140    72   136    49    79   117   117   131   102   139  1969 28
  82         142    68    88    63    95   143   107   120    92   152  1969 29
  80         145    72    54    71   109   138    99   104    90   152  1969 30
  87         138          50         137   121          87         122  1969 31
-------------------------------------------------------------------------------
104.4 120.5 135.8 106.8 120.0 106.0  96.8  98.0  91.3  95.7  93.5  97.9   Mean
-------------------------------------------------------------------------------
Yearly Mean = 105.5
