                           DAILY SUNSPOT NUMBERS 1966
===============================================================================
 Jan   Feb   Mar   Apr   May   Jun   Jul   Aug   Sep   Oct   Nov   Dec   Yr Day
-------------------------------------------------------------------------------
  22     7    25    64    50    71    49    78    44    57    43    35  1966 01
  21    11    11    58    52    74    49    74    44    55    42    33  1966 02
  20    21    14    74    57    41    54    72    25    50    38    30  1966 03
  17    17    20    74    61    60    53    68    18    36    38    57  1966 04
  11    19    15    59    43    48    48    60    26    40    20    69  1966 05
   0    17    15    63    32    47    46    50    30    44    32    68  1966 06
   7    17    12    70    29    40    58    33    36    53    48    64  1966 07
  13    14    11    65    17    35    68    13    38    48    55    88  1966 08
  13    12    15    49     8    33    60    13    39    44    59    86  1966 09
   0    12    14    37     0    25    65     0    37    65    63   112  1966 10
   0    14    10    29    14    43    52    16    42    66    72   125  1966 11
   0    11     0    27    14    34    62    36    38    64    80   130  1966 12
  17    18     7    24    23    34    56    30    33    72    68   118  1966 13
  30    14     0    29    50    31    42    37    35    64    66   113  1966 14
  40    16    10    29    46    22    34    41    38    60    66   107  1966 15
  58    13    26    35    47    40    48    40    57    70    52   116  1966 16
  51    19    44    40    35    46    42    41    76    70    59    88  1966 17
  64    24    53    40    28    40    49    39    83    70    57    76  1966 18
  68    29    60    30    35    36    38    33    76    76    65    57  1966 19
  64    39    54    41    58    42    65    28    78    96    74    46  1966 20
  58    42    50    44    80    33    55    22    89    91    77    37  1966 21
  52    50    52    56    72    35    66    38    86    83    78    34  1966 22
  42    55    40    69    68    62    56    65    71    75    76    38  1966 23
  44    45    31    58    68    66    70    71    67    64    72    45  1966 24
  37    39    24    61    64    80    67    89    68    50    74    60  1966 25
  23    40    18    54    70    82    74    95    54    47    67    65  1966 26
  17    36    10    40    66    76    65    90    48    39    59    48  1966 27
  16    33    12    40    60    52    70    84    42    36    41    48  1966 28
  21          35    48    42    47    76    89    45    27    37    51  1966 29
  28          44    53    56    55    59    76    42    27    37    70  1966 30
  19          52          58          62    66          35          68  1966 31
-------------------------------------------------------------------------------
 28.2  24.4  25.3  48.7  45.3  47.7  56.7  51.2  50.2  57.2  57.2  70.4   Mean
-------------------------------------------------------------------------------
Yearly Mean = 47.0
