                           DAILY SUNSPOT NUMBERS 1945
===============================================================================
 Jan   Feb   Mar   Apr   May   Jun   Jul   Aug   Sep   Oct   Nov   Dec   Yr Day
-------------------------------------------------------------------------------
   6     7    13    50    62    20    14    23    37    87    56    48  1945 01
   0     8    23    57    55    10     0    26    35    82    45    38  1945 02
   0    18    18    52    52    22     7    24    26    82    37    34  1945 03
   0    23    22    50    39     8     8    23    31    67    35    36  1945 04
  14    20    26    38    34    22    19    19    25    70    29    32  1945 05
  26    10    14    32    43    22    34    17    46    81    44    30  1945 06
  29     8    14    28    35    23    18    36    39    93    38    21  1945 07
  23     9    15     8    20     8    32    24    47    71    31    27  1945 08
  17    14    22     8    34    19    29    30    35    71    37    17  1945 09
  17     0    21     7    16    21    51    35    39    64    29    19  1945 10
  30     0    22     0    20    35    57    38    38    31    31    20  1945 11
  23     0    19     0     8    42    80    53    23    29    33    30  1945 12
  20    16    20     7     0    50   100    63     9    41    49    40  1945 13
  21    10    11    10     9    53    98    70    16    47    65    42  1945 14
  20    14    10    10    22    53   105    71     0    50    66    38  1945 15
  18    14     0    20    43    68    99    51     7    50    48    34  1945 16
  14    15     8    21    46    70    88    34    19    55    42    46  1945 17
  23    13     8    23    50    67    76    34     8    71    52    42  1945 18
  17    29    15    32    47    59    87    33    13    98    57    34  1945 19
  16    18    15    32    26    64    53    20    20    96    46    23  1945 20
  31     7    16    31    27    62    41     0    17    78    39    19  1945 21
  41     7    13    31    19    56    35     0    41    57    45    18  1945 22
  23    11    14    38    26    48    27     8    66    89    57    20  1945 23
  23    12    14    29    32    39    28    16    77    76    54    18  1945 24
  16    19    17    52    36    28    31     8    57    59    57    18  1945 25
  10    22    21    46    24    25    33     0    53    68    63    18  1945 26
  29    16    35    56    31    26     8     0    35    79    53    18  1945 27
  25    16    36    55    23    23    19     9    55    86    58    19  1945 28
  17          60    71    22    19    18    10    49    68    35    14  1945 29
  15          63    67    19    23    17     8    84    65    48    15  1945 30
  11          68          28           9    20          71          22  1945 31
-------------------------------------------------------------------------------
 18.5  12.7  21.5  32.0  30.6  36.2  42.6  25.9  34.9  68.8  46.0  27.4   Mean
-------------------------------------------------------------------------------
Yearly Mean = 33.2
