                           DAILY SUNSPOT NUMBERS 2005
===============================================================================
 Jan   Feb   Mar   Apr   May   Jun   Jul   Aug   Sep   Oct   Nov   Dec   Yr Day
-------------------------------------------------------------------------------
  32    19     0    16    42    53    78    63    17     9    18    49  2005 01
  32    17     8    20    42    40    95    69    14     8    19    54  2005 02
  24    11     9    28    47    33   101    48     9    10    11    60  2005 03
  14    15     8    33    43    49   107    40     9    14    12    55  2005 04
  11    16     9    35    40    62   103    40     8    17    12    55  2005 05
  12    38    10    29    45    64    84    33     8    15    14    45  2005 06
  11    38    18    28    37    73    75    39    14    14    25    23  2005 07
  10    35    33    27    46    68    64    37    20    12     8    25  2005 08
  14    39    38    27    63    67    57    34    28    10     8    23  2005 09
  19    48    41    27    77    70    42    16    35    16     0    39  2005 10
  27    52    43    13    82    55    41    22    34    14     0    38  2005 11
  40    56    42    21    80    52    38    27    37    14    10    33  2005 12
  41    48    42    29    62    31    41    22    50     0    12    38  2005 13
  54    48    40    35    51    33    30    26    41     8    19    38  2005 14
  59    52    37    36    39    40    21    27    39     8    20    36  2005 15
  65    45    28    28    43    43    11    24    33     8    23    31  2005 16
  64    43    25    26    33    48     8    20    35     8    24    28  2005 17
  61    37    25    26    26    32     0    19    33     8    26    28  2005 18
  45    31    26    26    23    29     9    44    26    16    26    43  2005 19
  42    27    25    24    15    31     0    48    14     9    33    39  2005 20
  45    20    30    16    13    34     0    39    13     8    27    42  2005 21
  31    20    28    16    24    27     8    38    14     7    27    41  2005 22
  26    16    32    14    25    11    16    36    19     8    24    36  2005 23
  28    11    41     9    25    11    11    42    17     0    27    53  2005 24
  32     8    34    10    30    12    12    41    16     0    20    43  2005 25
  23    12    26    11    44     0    15    37    22     0    15    52  2005 26
  20     8    22    17    44     8    11    42    16     0    16    51  2005 27
  20     7    10    30    37     9    18    46    15     0    17    44  2005 28
  19           9    35    43    28    34    43    14     8    16    45  2005 29
  22           7    34    46    67    43    37     7     9    30    46  2005 30
  26          15          58          69    29          12          41  2005 31
-------------------------------------------------------------------------------
 31.3  29.2  24.5  24.2  42.7  39.3  40.1  36.4  21.9   8.7  18.0  41.1
-------------------------------------------------------------------------------
Values are final.
