                           DAILY SUNSPOT NUMBERS 1972
===============================================================================
 Jan   Feb   Mar   Apr   May   Jun   Jul   Aug   Sep   Oct   Nov   Dec   Yr Day
-------------------------------------------------------------------------------
  50    53    77    40    28    85    68   103   127    70    75    40  1972 01
  47    49    83    43    39    96    74    93    99    65    67    31  1972 02
  49    42    86    43    32   105    82    89    79    73    49    28  1972 03
  50    44    79    38    34   121    91    85    78    73    30    24  1972 04
  54    45    69    42    49   139   104    93    80    67    23    21  1972 05
  55    40    64    56    68   115    95    85    81    57    19    18  1972 06
  53    45    69    71    79    99    91    65    73    54     8    24  1972 07
  50    54    81    73    78    90    82    60    71    52     7    29  1972 08
  39    50    79    79    97    79    75    59    59    34    14    42  1972 09
  29    52    79    82    94    68    64    47    46    30    12    53  1972 10
  22    57    72    74    88    63    62    31    43    34    30    61  1972 11
  27    60    73    80    92    52    74    50    36    23    33    64  1972 12
  28    71    85    74   106    48    84    55    32    15    30    67  1972 13
  37    85    98    63   133    62    80    40    37     8    27    69  1972 14
  40   104   110    67   123    88    61    42    45    14    21    71  1972 15
  37   129   104    60   125    98    53    57    53    34    25    66  1972 16
  45   135   109    55   140   105    59    59    44    30    32    71  1972 17
  54   144   104    59   133    95    55    57    38    28    28    58  1972 18
  61   158   103    58   127    88    66    57    33    44    42    49  1972 19
  69   157   107    65   115    92    56    60    47    60    58    54  1972 20
  78   154   107    77    96   100    66    62    60    69    65    67  1972 21
  89   157   102    81    79    97    69    85    69    78    69    59  1972 22
 105   136   114    83    65    92    65    79    65    85    79    57  1972 23
 121   112   109    82    58    88    62    82    77    94    77    48  1972 24
 102    93    98    88    56    83    62    71    82   105    65    43  1972 25
  91    88    55    83    52    77    77    79    78   111    57    39  1972 26
  92    79    34    63    44    79    82    93    77   110    55    34  1972 27
 101    85    29    58    44    81    86   118    67   104    61    26  1972 28
 102    87    30    38    58    78   102   147    70    89    47    25  1972 29
  72          38    22    79    78   108   141    75    98    43    29  1972 30
  56          37          85         115   137          93          37  1972 31
-------------------------------------------------------------------------------
 61.5  88.4  80.1  63.2  80.5  88.0  76.5  76.8  64.0  61.3  41.6  45.3   Mean
-------------------------------------------------------------------------------
Yearly Mean = 68.9
