                           DAILY SUNSPOT NUMBERS 1947
===============================================================================
 Jan   Feb   Mar   Apr   May   Jun   Jul   Aug   Sep   Oct   Nov   Dec   Yr Day
-------------------------------------------------------------------------------
  76    64   103   168   169   221   145   134   231   221   101   110  1947 01
  62    90   134   170   159   206   129   152   196   225    98    91  1947 02
  54    85   110   194   177   167   148   196   230   250    74   102  1947 03
  53    94   163   194   188   137   136   204   183   275    80    94  1947 04
  47   115   175   182   149   136   131   192   196   238    81    94  1947 05
  56   110   198   212   158   154   135   204   198   250    76   103  1947 06
  87   120   207   226   162   158   166   243   240   179    83   120  1947 07
  94   130   210   212   158   132   128   253   272   184    69   107  1947 08
  91   153   212   182   154   104   165   297   232   152    72    96  1947 09
 102   162   195   171   159   100   167   311   195   140    50   111  1947 10
 119   213   206   143   165   100   136   303   185   121    59   105  1947 11
 121   206   164   120   171    91   135   283   184   105    90   122  1947 12
 115   192   150    92   147    96   163   283   156    84    97   115  1947 13
 150   199   115   108   133    96   193   273   140    84   107   131  1947 14
 187   166    96    98   114   117   202   269   126   104   192   136  1947 15
 174   157    76    75   130   155   197   246   120   106   168    98  1947 16
 191   154    59    78   155   190   200   203   145   113   160   127  1947 17
 199   130    46    85   169   228   179   174   128   123   175   118  1947 18
 192   110    34    87   211   270   210   138   100   130   180   114  1947 19
 183   125    47    96   206   251   203   124    88   128   182   138  1947 20
 161   100    83    90   224   242   210   100    92   128   190    97  1947 21
 155    92    91    81   258   222   195    85    94   146   180    94  1947 22
 157    93   121    95   295   219   177    70   102   183   171    92  1947 23
 150    96   115   110   300   193   161    78   122   220   180   114  1947 24
 135   129   113   222   323   186   153    90   142   229   190   109  1947 25
 111   158   111   198   321   151   152    88   167   233   193   170  1947 26
  85   156   130   191   290   146   133   117   187   201   160   156  1947 27
  72   135   130   216   273   144   123   151   195   169   132   142  1947 28
  56         138   214   264   163   105   177   207   127   123   140  1947 29
  67         141   185   225   143   105   201   229   117   126   126  1947 30
  84         151         233         113   213         107         139  1947 31
-------------------------------------------------------------------------------
115.7 133.4 129.8 149.8 201.3 163.9 157.9 188.8 169.4 163.6 128.0 116.5   Mean
-------------------------------------------------------------------------------
Yearly Mean = 151.6
