                           DAILY SUNSPOT NUMBERS 1819
===============================================================================
 Jan   Feb   Mar   Apr   May   Jun   Jul   Aug   Sep   Oct   Nov   Dec   Yr Day
-------------------------------------------------------------------------------
  41    10          10    32    18          39    59    16     0    32  1819 01
              13          18    13          60    34    20     0        1819 02
  35                      10    17    57    56    36    24     0    19  1819 03
  24           0     0     0    23    34          33    36     0    35  1819 04
  42     0    12     0     0    35    43          28    36     0        1819 05
         0           0     0    35                22          23        1819 06
  33           0     0     0                            36    23        1819 07
               0     0     0    30    29    66    31    19          32  1819 08
               0     0     0    13          48    16    33    16    35  1819 09
        15     0     0     0    17    25          16    36     0    35  1819 10
               0    10     0    45    27    32     0    33     0    32  1819 11
  53           0    12     0                32     0    35     0        1819 12
        34     0    17     0    28          33     0    32          36  1819 13
               0    19     0    29                20    16          31  1819 14
  35    35     0    31    17    44          19          16              1819 15
  35           0    29    25    40    30    23    16     0          32  1819 16
        40     0    45    26                31     0    48              1819 17
  16           0    48    20    56    97           0    47    82    31  1819 18
               0    49    13                15     0    36              1819 19
        29     0          32    71           0     0          56    15  1819 20
               0    43    41    63           0     0          46        1819 21
              18    47    33    70           0     0          44    17  1819 22
  46          12          40                 0     0    36    66    20  1819 23
        25                31                 0    15          56    43  1819 24
                          30    46    16    15    15          33    47  1819 25
        19    10          43    22    31    10    15                51  1819 26
                    14    45    22    18    15    15    15    32        1819 27
  12                28    50    19    17    15    15    36              1819 28
  22          10    31    40    48    16    22                      21  1819 29
                    32    35          10    47    15                33  1819 30
              11          26          21    48           0          15  1819 31
-------------------------------------------------------------------------------
 32.8  20.7   3.7  20.2  19.6  35.0  31.4  26.1  14.9  27.5  25.1  30.6   Mean
-------------------------------------------------------------------------------
Yearly Mean = 23.9
