                           DAILY SUNSPOT NUMBERS 1862
===============================================================================
 Jan   Feb   Mar   Apr   May   Jun   Jul   Aug   Sep   Oct   Nov   Dec   Yr Day
-------------------------------------------------------------------------------
  52    77    96    34    75    89    78   115    70    65    71    14  1862 01
  27   100    73    40    63   106    91    97    55    40    36     0  1862 02
  57    96    74    73    60   106    76    91    75    40    26     0  1862 03
  67    57    52    91    57   106    57   118    73    19    45     0  1862 04
  78    55    52    52    75   102    55   102    46    18    58    14  1862 05
  82    76    32    60    75    69    91    78    64    16    44    29  1862 06
  82    85    51    60    62    91    72    75    37    46    40    29  1862 07
  81    42    69    65    42    91    88    75    40    49    51    12  1862 08
  70    43    52    52    54    72    85    43    61    46    33    17  1862 09
  70    60    55    34    52    94    61    42    40    43    52    23  1862 10
  72    78    72    16    69    78    63    60    22    37    36    34  1862 11
  88    80    76    16    54    73    70    60    16    44    19    45  1862 12
  69    81    87    66    50    51    88    57    32    44    61    61  1862 13
  90    84    51    44    51    64   109    37    21    18    86    52  1862 14
  72    79    56    74    70    67   106    33    37    23    82    55  1862 15
  54    93    49    59    59    52    62    31    60    16    32    79  1862 16
  42    82    49    32    74    62    88    39    57    33    44    80  1862 17
  34    36    33    37    57    73    76    60    57    33    72    69  1862 18
  33    34    56    55    65    64    84    58    80    33    75    50  1862 19
  63    51    16    55    34    72    82    82    87    33    75    73  1862 20
  46    66    16    54    52    87    42    82    85    33    74    61  1862 21
  61    40    16    52    56    91    42    96    85    22    57    55  1862 22
  70    42    16    64    57    90    25    62   109    31    73    52  1862 23
  72    40    16    72    60    84    46    34   127    41    72    45  1862 24
  45    48    16    52    76   118    52    52    97    54    50    38  1862 25
  61    60    16    37    86   121    52    34    88    54    55    58  1862 26
  54    45    16    43    63   106    70    37   121    70    37    58  1862 27
  91    75    12    76    85    85    97    37   103    54    19    56  1862 28
  58           0    73    73    78    96    52    79    93    12    21  1862 29
  60          27    73    94    79    75    47    73    88    30    21  1862 30
  55          49          97          97    51          64          66  1862 31
-------------------------------------------------------------------------------
 63.1  64.5  43.6  53.7  64.4  84.0  73.4  62.5  66.6  41.9  50.6  40.9   Mean
-------------------------------------------------------------------------------
Yearly Mean = 59.1
