                           DAILY SUNSPOT NUMBERS 1927
===============================================================================
 Jan   Feb   Mar   Apr   May   Jun   Jul   Aug   Sep   Oct   Nov   Dec   Yr Day
-------------------------------------------------------------------------------
  67   122    41    77    48    32    98    49    61    43    65    35  1927 01
  67   136    46    81    53    42   120    59    61    32    56    26  1927 02
  65   157    46    89    68    41   101    35    52    51    32    30  1927 03
  81   155    67    77    73    42   111    50    37    65    25    17  1927 04
  89   173    59   102    99    51    97    51    50    82    45    34  1927 05
  76   119    58    98   105    63    72    48    44    82    36    64  1927 06
 111   163    71    98    97    79    61    37    47    85    33    58  1927 07
 105   116    88    80    78    79    45    17    40    90    15    72  1927 08
 123   127    91   136    91    57    54    18    44    95    46    88  1927 09
 116   124    46   101   110    54    52    19    47   115    71    85  1927 10
 124   106    55   163   101    63    42    32    68   112    91    85  1927 11
  79    82    50   137   143    72    16    31    92    74   101    53  1927 12
  53    58    74   125    97    73    14    53    96    90   113    62  1927 13
  70    98    70   138    57    54    32    59   103    79   100    47  1927 14
  68    71   105   131    59    32    32    70   154    76    91    20  1927 15
  76    58    95   157    67    22    44    68   126    54    84    19  1927 16
  88    79   125   124    86    51    47    80   111    44    87    17  1927 17
 111    76   126   120    98    37    45    97    85    32    81    10  1927 18
  89    65   147    91    67    35    22    79    81    53    64     8  1927 19
  76    67   114    66    72    26    34    58    81    40    79    11  1927 20
  70    46   131    59    81    32    43    49    55    66    78    17  1927 21
  80    52   121    68    87    43    49    61    44    66    70    14  1927 22
  65    53    82    62    88    45    49    68    73    56    81    32  1927 23
  85    45    56    49   101    64    52    68    86    65    88    59  1927 24
  44    54    49    51    90    73    68    56    85    69    87    63  1927 25
  42    59    23    90    86    88    68    56    58    46    70    33  1927 26
  38    79    38    93    88    80    75    58    77    25    67    56  1927 27
  49    64    16    40    43   116    34    52    38    25    45    64  1927 28
  64          31    55    58   114    44    68    27    29    59    70  1927 29
 109          16    48    34   113    39    66    30    40    57    73  1927 30
 149          21          28          43    56          75          79  1927 31
-------------------------------------------------------------------------------
 81.6  93.0  69.6  93.5  79.1  59.1  54.9  53.8  68.4  63.1  67.2  45.2   Mean
-------------------------------------------------------------------------------
Yearly Mean = 69.0
