                           DAILY SUNSPOT NUMBERS 1924
===============================================================================
 Jan   Feb   Mar   Apr   May   Jun   Jul   Aug   Sep   Oct   Nov   Dec   Yr Day
-------------------------------------------------------------------------------
   0     0    15     0     0    29    26    25    42    27    11     0  1924 01
   0     0    11     0     0    46    34    30    37    45     7     0  1924 02
   0     0     7     0     0    47    32    38    59    36     0    13  1924 03
   8     0     7     0     0    44    31    31    37    42     0     0  1924 04
   7     0     0     0     0    48    35    29    40    38     0     0  1924 05
   0     0     0    11     7    62    36    28    30    36     0     0  1924 06
   0     0     0     0    11    42    39    14    17    45     0     8  1924 07
   0     0     0     0    19    28    47    13    17    41     0     8  1924 08
   0     0     0     0    14    23    52    23     7    38     0    16  1924 09
   0     0     0     0    15    14    55     7    14    28     0    25  1924 10
   0     0     0     0    22    18    55     8    18    24    12    22  1924 11
   0     0     0     0    32     8    55    14    31    23    14    30  1924 12
   0     0     0     0    31    25    40    16    28    20    13    26  1924 13
   0    13     0     8    43    32    46    12    22    29    15    26  1924 14
   0    12     0     0    50    29    34     8    14    20    17    25  1924 15
   0     0     0     0    47    19    29    14    13    20    36    23  1924 16
   0     0     0     9    41    18    16    15     9    17    25    20  1924 17
   0     0     0    33    45    17     7    15    14    22    41    29  1924 18
   0     0     0    40    31    16     7    14    17    15    43    28  1924 19
   0     0     0    43    25    16     0    14    19    11    38    20  1924 20
   0     0     0    42    23    22    14    17    24    16    70    34  1924 21
   0     0     8    43    28    13    23    10    22    18    50    48  1924 22
   0     0     8    34    23    12    23    11    22    17    51    38  1924 23
   0     0     0    28    24     7    12     9    31    13    53    37  1924 24
   0    28     0    28    12    16     9     9    20    29    54    18  1924 25
   0    32     0    14    13    14    19    12    17    29    46    10  1924 26
   0    21     0     7    16    17    20    11    14    21    33     0  1924 27
   0    22     0     0    17    11    25    19    41    22    23     0  1924 28
   0    19     0     0    14    13    11    36    43    24    13     7  1924 29
   0           0     0    11    14    16    56    35    16    10     0  1924 30
   0           0          30          24    41          12           0  1924 31
-------------------------------------------------------------------------------
  0.5   5.1   1.8  11.3  20.8  24.0  28.1  19.3  25.1  25.6  22.5  16.5   Mean
-------------------------------------------------------------------------------
Yearly Mean = 16.7
