                           DAILY SUNSPOT NUMBERS 1895
===============================================================================
 Jan   Feb   Mar   Apr   May   Jun   Jul   Aug   Sep   Oct   Nov   Dec   Yr Day
-------------------------------------------------------------------------------
  35   101   103    65    79    71    63    65    38   119   110    16  1895 01
  39   110    74    87    95    76    47    85    48   142    97    32  1895 02
  49    87    65    71    55    59    51   103    49   121    89    58  1895 03
  76    85    49    61    28    55    55   104    37    88    80    38  1895 04
  77    65    67    76    28    70    46   109    49   105    80    51  1895 05
  45    50    55    67    19    89    47   140    53   104    50    57  1895 06
  74    62    56    53    42    77    62   133    53    68    40    55  1895 07
  41    39    70    65    39    77    80   125    53    53    37    79  1895 08
  65    46    71    72    30    88    97    96    49    37    17    98  1895 09
  77    44    75    83    37    80    87    96    43    18     0    73  1895 10
  65    41    75    87    25    70    83    82    21    18     8   106  1895 11
  51    40    53    83    68    55    77    89    35    50     7   112  1895 12
  26    37    73    79    56    68    80    67    54    36    25   107  1895 13
  18    46    53    53    64    68    77    53    57    40    17    90  1895 14
  38    41    64    52    39   103    56    55    65    31    60    67  1895 15
  24    43    85    62    34   115    46    49    75    28    68    79  1895 16
  31    65    64    69    41    82    54    60    57    14    55    70  1895 17
  47    73    44    44    44    73    37    64    43    14    45    94  1895 18
  55    58    61    52    63    66    14    51    44    23    49    71  1895 19
  34    61    59    59    47    72    22    56    47    27    55    59  1895 20
  64    61    64    93    76    55    26    57    47    51    42    79  1895 21
  57    66    63    76    74    59    25    32    47    66    69    69  1895 22
  91    73    63    89   103    72    37    32    50    59    46    87  1895 23
  67   103    42    97   155    74    25    54    58   104    46    98  1895 24
  77    85    48   100   149    66     7    52    49    99    48    75  1895 25
  73    87    53   138   138    52     7    33    95    76    36    94  1895 26
 118   120    53   105   120    58    23    48    99   101    42    76  1895 27
 111    92    48    99   110    59    44    37   102   103    40    60  1895 28
 133          42    88    97    74    41    36    99    91    43    43  1895 29
 113          44    83    76    61    29    37   115   119    14    44  1895 30
  90          54          60          38    37         100          54  1895 31
-------------------------------------------------------------------------------
 63.3  67.2  61.0  76.9  67.5  71.5  47.8  68.9  57.7  67.9  47.2  70.7   Mean
-------------------------------------------------------------------------------
Yearly Mean = 64.0
