                           DAILY SUNSPOT NUMBERS 1931
===============================================================================
 Jan   Feb   Mar   Apr   May   Jun   Jul   Aug   Sep   Oct   Nov   Dec   Yr Day
-------------------------------------------------------------------------------
   0     0    34    34    17    13    22    23    34    10     8    19  1931 01
   7     8    31    32     8    28    23    35    27    21    14    15  1931 02
   0    28    25    29     7    34    23    34    26    14    17     7  1931 03
   9    27    33    37     8    36    19    28    18    18    18     0  1931 04
  18    23    37    25     8    30    19    28    15    15    24     0  1931 05
  11    29    33    31    17    36    16    19    14    15    27     6  1931 06
  11    18    29    41    17    32    38     8    15     7    13    12  1931 07
  12    27    37    45    26    44    35     0    18     8    12    13  1931 08
  14    29    33    46    20    35    28     2    13     7    16    24  1931 09
  11    28    33    29    33    47    48     0    24     0     0    29  1931 10
  10    20    38    37    33    20    35     8    29     7     0    35  1931 11
   9    20    38    36    26    14    26     0    23     0     0    37  1931 12
  16    23    43    44    32     0    30     8    27     8     0    38  1931 13
  41    19    47    38    17    10    23     0    26     9     0    35  1931 14
  43    41    46    37    36     0     8     0    19     8     0    25  1931 15
  27    44    41    31    37     0     7     0    27     0     0    22  1931 16
  20    47    51    41    29     0     8    11    28     0     8    15  1931 17
  22    45    49    22    32     7     7    14    26     0    14     8  1931 18
  19    50    38    20    34     0     0    14    11     8    10     8  1931 19
  24    64    40    20    22     0     0    10    13     8    16     8  1931 20
  24    89    27    38    30     0     7    10    10    10    37     8  1931 21
  22    79    25    41    26     7    10     0    22     9    41    15  1931 22
  21   100    17    27    35     0     8     0    22    25    33    16  1931 23
  16    92    16    29    32     0     8     0    16    18    40    22  1931 24
  20    68     8    37    31     0     8     0     7    12    44    31  1931 25
   7    76     8    21    35     0     0     8     7    11    42    30  1931 26
   8    67     8    19    35     8     7    26    15    11    35    30  1931 27
   5    47    14    14    20    10     9    36    17    11    31    15  1931 28
   7          16    17    19    25    22    25    10     9    35     9  1931 29
   0           9    18    20    23    23    26    11    12    27    11  1931 30
   0          27          20          23    30          18           9  1931 31
-------------------------------------------------------------------------------
 14.6  43.1  30.0  31.2  24.6  15.3  17.4  13.0  19.0  10.0  18.7  17.8   Mean
-------------------------------------------------------------------------------
Yearly Mean = 21.2
