                           DAILY SUNSPOT NUMBERS 1861
===============================================================================
 Jan   Feb   Mar   Apr   May   Jun   Jul   Aug   Sep   Oct   Nov   Dec   Yr Day
-------------------------------------------------------------------------------
  14    29   103   174   132    55    61   106    75    64    51    58  1861 01
  60    29    91   199    96    94    93   106    91    58    51    60  1861 02
  73     4    82   177   112    94   114    86   127    58    53    81  1861 03
  55    30   139   142    75   121    94    36   106    45    90   112  1861 04
  71    54   109   101    73    85    76    54    88    36    69   108  1861 05
  67    58    97    87    79    85    78    70    69    19    72   133  1861 06
  51    16   121    78    51   109    72    67    85    19    55    75  1861 07
  59    39    70    75    19    72    54    36    70     0    37   138  1861 08
  85    66    91    69    18    69    54    55    46     0    74    77  1861 09
  64    66    88    67    16    55    88    91    41    23    21    94  1861 10
  62    77   101    67    17    33    76    55    44    33    19    76  1861 11
  60    76    73    51    16    16    75    58    42    60    30    45  1861 12
  60    65    82    34    16    33    85    63    42    51    42    66  1861 13
  45    91    65    25    32    69    76    67    76    79    37    60  1861 14
  45   114    73    18    18   109    78    60    81    52    40    79  1861 15
  64   129    73    29    19   121    76    40    67    75    60    79  1861 16
  65   115    34    55    19   139    72    57    97    94    71    98  1861 17
  34   127    55    75    34   138    58    79   100    96    99    59  1861 18
  34   106   107    63    34   142    70    62   102    97   102    59  1861 19
  83   107   104    58    47   130    59    61    41   100    54    65  1861 20
  65    99    94    75    39   151    36    97   102   102    40   111  1861 21
  90    99    85   108    76   112    70   133    84   109    40   128  1861 22
  72   121    86   109    88   112    76   154    78   103    35   109  1861 23
  74   105   105   129    93   129    75    90   120    88    42    61  1861 24
  83    90   102   132    61   111   111    85    41    95    43    54  1861 25
  79    79   124   163    58    72    93   115    84    94    36    73  1861 26
  79    80   127   163    58    27   112   139   102   109    69    97  1861 27
  99   105   142   119    94    37    69   136   111    94    54    91  1861 28
  40         180   157    93    52    76   120   108    75    63    50  1861 29
  39         178   156    72    72   102   106    78    67    61    54  1861 30
  60         151         105          90    75          89          44  1861 31
-------------------------------------------------------------------------------
 62.3  77.7 101.0  98.5  56.8  88.1  78.0  82.5  79.9  67.2  53.7  80.5   Mean
-------------------------------------------------------------------------------
Yearly Mean = 77.2
