                           DAILY SUNSPOT NUMBERS 1822
===============================================================================
 Jan   Feb   Mar   Apr   May   Jun   Jul   Aug   Sep   Oct   Nov   Dec   Yr Day
-------------------------------------------------------------------------------
   0     0     0    15          40     0    32     0     0     0     0  1822 01
   0     0     0    15     0    20     0    17     0     0     0     0  1822 02
   0     0     0    23     0    23     0    15     0     0     0     0  1822 03
   0     0    15           0    23     0     0     0     0     0     0  1822 04
   0     0    15           0    20     0     0     0     0     0     0  1822 05
   0     0    15    27     0    20     0     0     0     0     0     0  1822 06
   0     0    15    39     0    17     0     0     0     0     0     0  1822 07
   0     0          31     0           0     0     0     0     0     0  1822 08
   0     0    15    18     0     0     0     0     0     0     0     0  1822 09
   0     0          15     0     0     0     0     0     0     0     0  1822 10
   0     0    39    17     0     0     0     0     0     0     0     0  1822 11
   0     0    46     0     0     0     0     0     0     0     0     0  1822 12
   0     0    35     0     0     0     0     0     0     0     0     0  1822 13
   0     0    31     0     0     0     0     0     0     0     0     0  1822 14
   0    25    31     0     0     0     0     0     0     0     0     0  1822 15
   0     0    16     0     0     0     0     0     0     0     0     0  1822 16
   0     0     0     0     0     0     0     0     0     0     0     0  1822 17
   0     0     0     0     0     0     0     0     0     0     0     0  1822 18
   0     0     0     0     0     0     0     0     0     0     0     0  1822 19
   0     0     0     0     0     0     0     0     0     0     0     0  1822 20
   0     0     0     0     0     0     0     0     0     0     0     0  1822 21
   0     0    17           0     0    15     0     0     0     0     0  1822 22
   0     0    35    23     0     0    21     0     0    11     0     0  1822 23
   0     0    21    23     0     0    21     0     0     0     0     0  1822 24
   0     0          19     0     0    33     0     0     0     0     0  1822 25
   0     0    17    21     0     0    33     0     0     0     0     0  1822 26
   0     0    17           0     0    35     0     0     0     0     0  1822 27
   0     0    25    19     0     0           0     0     0     0     0  1822 28
   0          16    17     0     0           0     0     0     0        1822 29
   0          15    16    20     0    38     0     0     0     0     0  1822 30
   0          15          24          35     0           0           0  1822 31
-------------------------------------------------------------------------------
  0.0   0.9  16.1  13.5   1.5   5.6   7.9   2.1   0.0   0.4   0.0   0.0   Mean
-------------------------------------------------------------------------------
Yearly Mean = 4.0
