                           DAILY SUNSPOT NUMBERS 1903
===============================================================================
 Jan   Feb   Mar   Apr   May   Jun   Jul   Aug   Sep   Oct   Nov   Dec   Yr Day
-------------------------------------------------------------------------------
   0    10    24    50    65     0    17    18     0     8    62    35  1903 01
   0    12    22    39    61     0    18    18     0     8    64    28  1903 02
   5     9    20    22    33     5    20    17     0    13    64    86  1903 03
  16     8     7    26    35     4     9    16     0    20    68    73  1903 04
   8     7     8    22    14     8    10    17     8    38   113    61  1903 05
  10     8     0    28     0     7     8    13     0    50   105    63  1903 06
  15     8     0    29     7     0    26    23     0    57    91    87  1903 07
   7     7     0    30     0     0    50    34     0    81    97    86  1903 08
   7    22     7    19     0     8    47    56    20    91    95   100  1903 09
   0    29     0    22     0    13    59    68    16   104    58    82  1903 10
   7    32     0    33     0    14    59    57    13    91    83    55  1903 11
   7    28     0    22     7     8    59    87     9    62    86    49  1903 12
   0    25    17    11     8    12    37    65    11    73    45    40  1903 13
   0    17    10     8     7    12    23    64    18    71    40    45  1903 14
   0    12    14     7     7    14    35    62    38    50    19    47  1903 15
   0    16     0     0     9    13    35    56    36    43    22    43  1903 16
   0    17     0     0     7    12    31    59    17    44    12    58  1903 17
   7    16     0    13     7    19    29     9     7    18    10    55  1903 18
  13    25     0    17     8    34    19    19     7     7    10    39  1903 19
  10    20     0    14    17    58    22     8     0    14    14    27  1903 20
  10    14     7     7    23    58    17    14     0    20    12    36  1903 21
  17    12    16    22    18    45     7    16     0    16    14    27  1903 22
  25    13    17    16     8    46    14    14     9     7     7    26  1903 23
  10    22    22    19     8    34    29    15    14     7    22    22  1903 24
  14    25    17    25    25    23    26    17    24    17    15    15  1903 25
   7    19    15    46    22    19    37     7    18    19    21    11  1903 26
   0    20    16    65     7    15    29    10    24    28    31     0  1903 27
  16    24    29    52    29     8    31    10    20    21    15    25  1903 28
  15          45    37    13     0    32    11    17    28    21    34  1903 29
  18          54    81     7     0    22     9     8    46    19    44  1903 30
  12          51           0           7     5          53          16  1903 31
-------------------------------------------------------------------------------
  8.3  17.0  13.5  26.1  14.6  16.3  27.9  28.8  11.1  38.9  44.5  45.6   Mean
-------------------------------------------------------------------------------
Yearly Mean = 24.4
