                           DAILY SUNSPOT NUMBERS 1954
===============================================================================
 Jan   Feb   Mar   Apr   May   Jun   Jul   Aug   Sep   Oct   Nov   Dec   Yr Day
-------------------------------------------------------------------------------
   0     0     9     0     0     0     0     8     0     0     0     0  1954 01
   0     0    12     0     0     7     0     9     0     7     0     0  1954 02
   0     0    11     0     0     0     8    16     0    14     0     0  1954 03
   0     0     7     0     0     0     0     9     7     8     0     0  1954 04
   0     0     0     0     8     0     0    12     7     7     7     0  1954 05
   0     0     0     0     0     0     0    19     0     0     7     0  1954 06
   0     0     0     8     0     0     0    14     0     0     8     7  1954 07
   0     7     0     8     0     0     7    10     0     0     7     0  1954 08
   0     7     0    15     0     0     0    13     0     0    24     0  1954 09
   0     0     0     0     0     0     0    23     0     0    38     0  1954 10
   7     0     0     0     0     0     0    14     0     0    41     0  1954 11
   0     0     8     0     0     0     7    14     0     7    40     0  1954 12
   0     0    17     0     0     0    10     8     0     7    39     0  1954 13
   0     0    22     0     9     0    15     7     0    15    26     0  1954 14
   0     0    36     7     7     0     8     0     7    17    11    11  1954 15
   0     0    40     7     0     0    15     0     9    24     7    18  1954 16
   0     0    42     0     0     0     7     0     0    22     7    17  1954 17
   0     0    39     0     0     0     7     0     0     7     7    16  1954 18
   0     0    29     0     0     0     0     0     0    14     7    20  1954 19
   0     0    23     8     0     0     0     0     7    14     0    19  1954 20
   0     0    17     0     0     0     0     9     0     8     0    12  1954 21
   0     0    12     0     0     0     0    15     0     8     0     7  1954 22
   0     0     7     0     0     0     0    18     0    14     0     7  1954 23
   0     0     7     0     0     0     8    16     0     8     0    14  1954 24
   0     0     0     0     0     0    10    11     0     8     0    14  1954 25
   0     0     0     0     0     0     7     9     0     7     0     7  1954 26
   0     0     0     0     0     0     7     7     0     0     0     0  1954 27
   0     0     0     0     0     0    10     0     0     0     0     0  1954 28
   0           0     0     0     0     8     0     0     0     0    13  1954 29
   0           0     0     0     0     7     0     7     0     0    29  1954 30
   0           0           0           7     0           0          25  1954 31
-------------------------------------------------------------------------------
  0.2   0.5  10.9   1.8   0.8   0.2   4.8   8.4   1.5   7.0   9.2   7.6   Mean
-------------------------------------------------------------------------------
Yearly Mean = 4.4
