                           DAILY SUNSPOT NUMBERS 1928
===============================================================================
 Jan   Feb   Mar   Apr   May   Jun   Jul   Aug   Sep   Oct   Nov   Dec   Yr Day
-------------------------------------------------------------------------------
  91    89    86    96   128   124   124   102    61    68    53    46  1928 01
 100    50    65    95   143   130   130   116    49    68    47    55  1928 02
  75    65    49    80   125   113   128   116    85    62    49    64  1928 03
  81    41    49   108   111   111    85   107    69    47    48    95  1928 04
  90    46    61   118   118    94    56    80    64    45    60   112  1928 05
 105    34    73   145   118    98    50    64    49    26    70    95  1928 06
  85    35    93   118   136   104    60    71    57    64    66    94  1928 07
  95    33    94   143   135    76    93    59   103    58    53    85  1928 08
  95    24   124   130   134    43    87    75   101    53    81    68  1928 09
  81    31    83   112   117    30    82    80    89    71    89    83  1928 10
  75    29   105   118    85    26    66    73    81    92    75    76  1928 11
  79    39   102   106    75    16   122    74    89    74    84   101  1928 12
  50    31    90    97    53    31   127    92    75    86    90    90  1928 13
  61    29    92    96    26    34   121    92    56    83    73    95  1928 14
  63    74   108    90    17    34   137    70    59    83    77   101  1928 15
  83    73   117    87    16    52   127    77    46    84    61    89  1928 16
  76    75   118    63    15    67   141    58    51    77    49    56  1928 17
  63    69   125    27    14    71   117    47    71    82    52    46  1928 18
  72   104   141    42    15    95   126    53    83    70    58    20  1928 19
  53   131   101    35     4    86   137    59   102    67    38    28  1928 20
  67   113    83    31    15    94   127    71   111    75    37    25  1928 21
  45   128    92    22    23    95   105    83   106    53    28    18  1928 22
  64   127    66    26    40   129    71   102   108    73    33    20  1928 23
 104   112    76    28    36   149    60    92   133    79    16    14  1928 24
 116   109    72    43    49   163    58   104   141    53     7     8  1928 25
 136   119    50    53    40   131    65   114   170    45    29    12  1928 26
 135   123    70    51    53   137    63   113   145    29    23    27  1928 27
  96   104    61    77   102   158    67   105   115    27    28    32  1928 28
  91    95    75    76   131   131    95    84   110    23     8    50  1928 29
  70          62   104   158   121   102    84   113    37    28    57  1928 30
  92          66         154         110    82          50          68  1928 31
-------------------------------------------------------------------------------
 83.5  73.5  85.4  80.6  77.0  91.4  98.0  83.8  89.7  61.4  50.3  59.0   Mean
-------------------------------------------------------------------------------
Yearly Mean = 77.8
