                           DAILY SUNSPOT NUMBERS 1886
===============================================================================
 Jan   Feb   Mar   Apr   May   Jun   Jul   Aug   Sep   Oct   Nov   Dec   Yr Day
-------------------------------------------------------------------------------
  33    18    53    82    70    31    44    36    17     4     0     0  1886 01
  34    18    69    90    64    20    38    34    24    13     0     0  1886 02
  30    44    87    94    62    26    39    44    19    13     0     0  1886 03
  33    40   114    93    60    48    35    69    27    13     0     1  1886 04
  26    26   119    75    66    46    41    36    26    16     0     3  1886 05
  34    27    90    39    69    43    37    24    17    21     0     0  1886 06
  39    51   114    39    57    45    36    22    28    33     0     0  1886 07
  45    44    97    33    56    43    18    17    23    25     0     3  1886 08
  36    42    67    25    58    24    11    14    16    15     0     0  1886 09
  40    33    70    25    43    16     0    14    46     3     0     7  1886 10
  41    41    65    15    30    13     0    23    42     0     0     6  1886 11
  45    38    59    11    21     3     0    16    17     0     0     6  1886 12
  79    29    43     0     9     3     0    12    36     0     3    19  1886 13
  62    21    27     3     7     0     7    12    45     3     4    14  1886 14
  64    24    14    11     3     0     7    12    44    16     0    16  1886 15
  57    26    25    28     0     3    17    11    33    16     0    13  1886 16
  67    13    17    28     0    16    21    11    34     0     0     7  1886 17
  53     9    22    11     4    33    27    12    34     6     0    11  1886 18
  47    18    43    20     6    23    26    11    34     3     0    16  1886 19
  29    21    42    47     4    28    22     3    32     3     0     0  1886 20
  12    18    33    47    15    42    32     0    15     5     0     6  1886 21
   3    20    32    58    20    34    35     3    10     3     0     3  1886 22
   0     6    31    65    24    46    37     3     9     0     3    20  1886 23
   0     7    45    60    27    34    36     3     0     5     0    30  1886 24
   0    25    59    43    15    33    36     0     3    12     0    40  1886 25
   0    18    44    34    23    29    51    18     8    11     0    43  1886 26
   0    12    55    35    23    27    60    15     0     9     0    21  1886 27
   0    37    57    42    26    29    60    12     0     6     0    28  1886 28
   6          57    65    23    30    55    13     0    12     0    37  1886 29
   0          57    94    35    46    56     5     3     1     0    29  1886 30
  12          69          33          54    18           0          24  1886 31
-------------------------------------------------------------------------------
 29.9  25.9  57.3  43.7  30.7  27.1  30.3  16.9  21.4   8.6   0.3  13.0   Mean
-------------------------------------------------------------------------------
Yearly Mean = 25.4
