                           DAILY SUNSPOT NUMBERS 1987
===============================================================================
 Jan   Feb   Mar   Apr   May   Jun   Jul   Aug   Sep   Oct   Nov   Dec   Yr Day
-------------------------------------------------------------------------------
  19     0    13    14    39    15    13    45    33    34    56    17  1987 01
  15     0    23    12    40    11     0    47    38    25    57    16  1987 02
  13     0    15    10    27     0     0    39    37    31    57    16  1987 03
  12     0    16    13    23     0     0    33    38    58    46    15  1987 04
  11     0    24    28    24    10     0    31    39    54    47    19  1987 05
  10     0    23    47    27     0     0    32    44    48    27    24  1987 06
  11     0    24    56    34     0     9    38    56    39    31    34  1987 07
   0     0    22    64    25     0    12    45    67    55    43    36  1987 08
   0     0    14    69    23     0    13    39    64    50    42    41  1987 09
   0     7    11    77    25     0    11    47    59    51    30    34  1987 10
   0     0     9    80    26    11     0    56    58    63    28    22  1987 11
   0     0     0    80    23    21     0    48    44    53    25    13  1987 12
   0     0     0    79    22    14     0    47    25    74    18    20  1987 13
   8     8    10    77    13    10     0    49    20    92    23    26  1987 14
   9     7    11    78    39    11    13    49    21   101    22    42  1987 15
   0     0    11    60    50    12    17    55    24   101    33    40  1987 16
  13     0    22    41    68    14    14    46    25    91    46    39  1987 17
  13     0    21    36    54    24    17    43    30    86    48    39  1987 18
   9     0    12    29    65    13    23    45    35    82    51    28  1987 19
   9     0    12    12    46    22    38    51    38    79    49    26  1987 20
  14     7    15    19    41    29    67    48    32    61    51    14  1987 21
  20     7    17    26    38    38    87    34    23    50    70    24  1987 22
  23     0    19    25    40    37   102    39    26    33    83    17  1987 23
  14     0    19    35    38    38    92    35    25    22    56    13  1987 24
  13     7    16    25    37    38    88    35    12    29    42    25  1987 25
  14     9    12    21    37    41    85    34    12    40    47    27  1987 26
  13     8    11    11    35    33    77    24    19    70    21    29  1987 27
  20     8    12    14    21    41    60    23    22    79    11    28  1987 28
  15          13    20    17    25    60    13    26    82    20    30  1987 29
  14          15    30    15    14    62    10    26    85    16    42  1987 30
  11          15          12          63    20          62          43  1987 31
-------------------------------------------------------------------------------
 10.4   2.4  14.7  39.6  33.0  17.4  33.0  38.7  33.9  60.6  39.9  27.1   Mean
-------------------------------------------------------------------------------
Yearly Mean = 29.4
