                           DAILY SUNSPOT NUMBERS 1930
===============================================================================
 Jan   Feb   Mar   Apr   May   Jun   Jul   Aug   Sep   Oct   Nov   Dec   Yr Day
-------------------------------------------------------------------------------
  36    47    23    56    52    31    22    17    56    26    57    45  1930 01
  41    73    24    59    52    28    36    23    46    30    41    35  1930 02
  55    98    28    41    50    28    35     7    48    26    25    33  1930 03
  38   111    54    42    41    34    28     7    68    30    26    20  1930 04
  49   117    55    58    30    27    26     7    66    44    16     8  1930 05
  55   110    50    57    37    34    28    17    73    43     8     7  1930 06
  62   111    50    65    24    70    18    17    70    39     8     7  1930 07
  68    82    49    35    26    65    18    16    41    37     8     0  1930 08
  62   101    53    46    23    62    39    20    40    35     8     8  1930 09
  56    66    28    50    19    52    21    20    41    59    15    19  1930 10
  65    79    17    56    22    52    15    21    39    53     8    21  1930 11
  70    55    30    50    25    42    26    21    33    48    15    17  1930 12
  91    47    26    60    25    37    16    23    39    56     0    15  1930 13
  89    37    17    45    18    23    24    13    23    38    12    22  1930 14
  96    36    28    33    32    21    25    10    28    32    14    22  1930 15
 108    22    44    22    41    20    24     9    17    24    21    20  1930 16
 107    21    52    20    35    16    29    10     8    11    26    30  1930 17
 135    23    44    14    25    15     9    23     0    22    31    52  1930 18
  95    17    42    10    31     9     8    23     7    22    43    50  1930 19
  63     8    33    26    39    14     9    29     7    11    57    42  1930 20
  74    10    31    30    31     8    25    31     8     8    63    33  1930 21
  59    13    33    31    33     8    14    28    10    11    66    27  1930 22
  63    17     8    28    45     7    22    38    12    18    68    29  1930 23
  49    20    24    23    67    10    14    37    18    16    48    42  1930 24
  39    16    17    24    46    16    15    41    20    29    58    52  1930 25
  34    15    25    25    43    14    16    35    35    37    76    54  1930 26
  31    19    36    22    56    32    18    37    33    63    72    33  1930 27
  46    26    31    39    38    28    34    43    31    53    67    19  1930 28
  60          30    34    52    29    33    53    27    49    61     8  1930 29
  67          52    46    48    31    10    50    20    49    51    15  1930 30
  62          52          35          22    47          47          15  1930 31
-------------------------------------------------------------------------------
 65.3  49.9  35.0  38.2  36.8  28.8  21.9  24.9  32.1  34.4  35.6  25.8   Mean
-------------------------------------------------------------------------------
Yearly Mean = 35.7
