                           DAILY SUNSPOT NUMBERS 1878
===============================================================================
 Jan   Feb   Mar   Apr   May   Jun   Jul   Aug   Sep   Oct   Nov   Dec   Yr Day
-------------------------------------------------------------------------------
   0     0     0     0     0    32     0     0     0     0    13     0  1878 01
   0     6     0     0     0    28     0     0     5     0    16     0  1878 02
   0    25    15     3     0    30     0     0    13     0    16     0  1878 03
   0    39    27     0     0    23     0     0    14     0    14     0  1878 04
   0    37    29     0     0     5     0     0    14     0     9     0  1878 05
   0    27    17     0     0     4     0     0    15     0    13     0  1878 06
   0    24     2     0     0     0     0     0    15     0    13     0  1878 07
   0    25    13     0     0     0     0     0    13     0     8     0  1878 08
   0     2     4     0     0     0     0     0    13     0     8     0  1878 09
   0     0     0     0     0     0     0     0    16     0     0     0  1878 10
   0     0    10     0     0     0     0     0    13     0     0     0  1878 11
   0     0    18     0     0     0     0     0    16     0     0     0  1878 12
   0     0    18     0     0     0     0     0    11     0     0     0  1878 13
   0     0    20     0     0     0     0     0     0     0     0     0  1878 14
   1     0    21     0     0     0     0     0     0     0     0     0  1878 15
   0     0    19     0     0     0     0     0     0     0     0     0  1878 16
   0     0    16     0     0     0     0     0     0     0     0     0  1878 17
   0     0    11     0     0     0     0     0     0     0     0     0  1878 18
   0     0     0     0     0     0     0     0     0     0     2    16  1878 19
   0     0     0     0     0     0     0     0     0     0     0     1  1878 20
  13     0     0     0     8     0     0     0     0     0     9     0  1878 21
   4     0     0     0     3     0     0     0     0     0     0     0  1878 22
  14     0     3     0     0     3     0     0     0     0     0     0  1878 23
  17     0     0     0     0     6     0     0     0     0     0     0  1878 24
  15     0     0     0     9     0     0     0     0     0     0     0  1878 25
  18     0     0     0    16    17     4     0     0     0     0     0  1878 26
  14     0     0     0    21    20     0     0     0     0     0     0  1878 27
   7     0     0     0    22    16     0     0     0     0     0     0  1878 28
   0           0     0    22     9     0     0     0    13     0     0  1878 29
   0           0     0    39     0     0     0     0    13     1     0  1878 30
   0           0          43           0     0           9           0  1878 31
-------------------------------------------------------------------------------
  3.3   6.6   7.8   0.1   5.9   6.4   0.1   0.0   5.3   1.1   4.1   0.5   Mean
-------------------------------------------------------------------------------
Yearly Mean = 3.4
