                           DAILY SUNSPOT NUMBERS 1937
===============================================================================
 Jan   Feb   Mar   Apr   May   Jun   Jul   Aug   Sep   Oct   Nov   Dec   Yr Day
-------------------------------------------------------------------------------
 144   211   154   138    89    79    69   176   108   131   104    14  1937 01
 156   224   154   128    91    89    91   180   106   170   115    33  1937 02
 109   181   109   112    77    92    74   207   124   214   105    34  1937 03
 107   152    65   137    56   116    65   197    82   206    67    29  1937 04
  83   146    76   147    59   128    91   205    79   175    68    54  1937 05
  82   128    71   112    46   121   108   176    85   182    49    50  1937 06
  94    98   105   119    47   102   143   135   101   173    34    67  1937 07
 103    90   115    94    50    64   185   154   104   157    47    49  1937 08
  97    75   107    85    68    73   181   173   119   153    68    56  1937 09
  85    85    99    71   103    98   192   183   119   161    85    56  1937 10
  97    70    98    82    99    96   202   140   110   148    79    72  1937 11
  91    77    59    62    91   134   223   144   100   137    83    70  1937 12
  80    87    42    38   102   166   188   114   110   142   100   107  1937 13
  93    87    21    28   123   185   215   124   101   138   106   112  1937 14
  87    90    20    53   140   191   204   128    99   113    74   141  1937 15
 104   101    23    64   183   174   180   119    76   127    69   155  1937 16
 108    92    22    63   188   190   152    75    58   127    93   115  1937 17
 108    88    37    76   158   194   167    82    82   121    90   109  1937 18
 101   111    33    94   158   185   155    88    88   114    74   124  1937 19
 128   114    42   127   177   183   149    96    88    89    82   107  1937 20
 127   130    62   127   154   186   150    80    73    72    62    86  1937 21
 163   190    74   146   194   199   145   103   102    58    62    90  1937 22
 155   155   107   144   202   163   139   139   128    63    59   107  1937 23
 178   187    94   157   213   133   126   150   120    75    50   116  1937 24
 181   162    87   190   171   108   124   137   127    69    61   124  1937 25
 200   167    80   157   130   116   115   144   104    59    70   114  1937 26
 180   149   118   161    93    91   143   143    80    58    96   125  1937 27
 201   150   131   149    71    80   124   130   101   104    64   103  1937 28
 200         117   123    83    80   128   110   126    90    68   111  1937 29
 233         135    94   103    93   139   109   121   113    47   110  1937 30
 233         143          98         131   128         133         112  1937 31
-------------------------------------------------------------------------------
132.5 128.5  83.9 109.3 116.7 130.3 145.1 137.7 100.7 124.9  74.4  88.8   Mean
-------------------------------------------------------------------------------
Yearly Mean = 114.4
