                           DAILY SUNSPOT NUMBERS 1957
===============================================================================
 Jan   Feb   Mar   Apr   May   Jun   Jul   Aug   Sep   Oct   Nov   Dec   Yr Day
-------------------------------------------------------------------------------
 160   108   155   140   124   158   185   144   244   236   266   230  1957 01
 189   120   164   152   121   163   194   148   225   234   250   217  1957 02
 211   102   137   135   118   180   204   162   190   242   232   230  1957 03
 224   110   128   160   106   169   235   163   173   217   214   243  1957 04
 226   110   124   138    92   159   213   158   171   219   201   266  1957 05
 252   123   147   108   138   194   226   163   160   227   182   245  1957 06
 224   138   147   138   140   170   192   157   137   234   177   190  1957 07
 207   151   144   160   150   145   152   141   172   244   158   197  1957 08
 166   157   180   163   162   168   162   121   215   267   192   152  1957 09
 153   142   186   150   195   158   135    89   240   264   226   148  1957 10
 151   136   210   121   211   140   107    96   245   232   232   151  1957 11
 155   132   224   114   204   160    93   116   253   236   231   157  1957 12
 134   122   228   143   197   178    97   104   252   244   221   161  1957 13
 121   130   175   122   214   158   136   135   251   232   210   167  1957 14
  86   142   156   162   210   225   156   157   247   264   177   174  1957 15
 100   153   146   181   196   239   184   195   252   268   179   187  1957 16
 112   140   150   202   179   252   203   197   258   251   181   205  1957 17
 143   132   147   205   185   272   218   196   273   222   185   225  1957 18
 170   123   147   207   173   274   223   186   290   217   194   249  1957 19
 170   117   122   208   182   272   238   170   302   230   207   284  1957 20
 177   123   120   214   205   265   250   138   334   237   234   299  1957 21
 193   130   137   218   159   242   255   114   302   241   263   316  1957 22
 191   132   152   226   180   232   265   108   268   254   251   343  1957 23
 209   134   145   248   186   235   265   110   238   276   238   355  1957 24
 184   139   160   251   150   208   227   132   234   240   211   355  1957 25
 168   131   170   223   132   212   206   164   215   293   199   337  1957 26
 150   141   155   215   132   220   173   181   226   280   201   275  1957 27
 141   129   152   221   143   190   158   204   242   317   215   260  1957 28
 132         154   177   162   180   142   236   242   334   215   275  1957 29
 107         172   155   179   204   159   252   224   317   184   274  1957 30
 108         145         179         150   261         299         255  1957 31
-------------------------------------------------------------------------------
165.0 130.2 157.4 175.2 164.6 200.7 187.2 158.0 235.8 253.8 210.9 239.4   Mean
-------------------------------------------------------------------------------
Yearly Mean = 190.2
