                           DAILY SUNSPOT NUMBERS 1993
===============================================================================
 Jan   Feb   Mar   Apr   May   Jun   Jul   Aug   Sep   Oct   Nov   Dec   Yr Day
-------------------------------------------------------------------------------
  46    22    76    67    33   105    58    38    26    64    13    67  1993 01
  41    34    80    67    32   102    61    40    24    95    19    56  1993 02
  38    73    84    75    42   101    66    36    22    87    18    60  1993 03
  52    85    93    67    69    82    80    35    23   100    20    66  1993 04
  71   119   105    75    77    75    73    27    22    90    30    63  1993 05
  84   121    96    89    75    83    58    49    14    71    33    55  1993 06
  81   128    93    79    74    72    45    43    12    65    34    65  1993 07
  89   134    82    81    81    55    40    47    12    70    33    57  1993 08
  94   126    85    87    87    46    38    59    16    76    26    53  1993 09
 100   114    81    79   120    47    31    65     9    58    25    46  1993 10
  91    95    86    56   125    37    35    73    12    65    14    31  1993 11
  94    97    77    37   116    18    35    58     9    56    15    21  1993 12
  96    92    67    22    85    10    51    60    10    37    21    17  1993 13
  69    82    56    15    59    10    63    39    10    31    22    23  1993 14
  58    73    60    13    51    10    66    29    10    52    27     8  1993 15
  59    88    56    13    37    13    63    22    23    56    32    20  1993 16
  62    68    60    34    32    17    67    29    21    41    37    22  1993 17
  66    80    69    49    24    16    80    28    19    37    37    28  1993 18
  68    88    72    51    14    15    82    28    15    44    42    18  1993 19
  52    97    70    89    33    24    71    23    15    63    43    27  1993 20
  47    92    78    98    25    26    66    31    14    73    56    37  1993 21
  34   100    73    93    19    27    58    42    14    61    56    44  1993 22
  30   101    63    96    22    51    68    42    16    58    53    54  1993 23
  45    90    42    98    33    50    66    56    23    55    54    63  1993 24
  51    88    40    88    53    59    61    53    43    43    40    75  1993 25
  37    86    46    53    66    59    55    44    43    50    46    62  1993 26
  43    86    51    62    59    67    60    49    49    39    44    69  1993 27
  37    88    51    54    74    69    59    48    52    29    53    61  1993 28
  35          54    41    91    79    47    49    48    23    55    73  1993 29
  36          58    38    97    70    45    37    46    30    69    75  1993 30
  32          61          96          46    30          28          99  1993 31
-------------------------------------------------------------------------------
 59.3  91.0  69.8  62.2  61.3  49.8  57.9  42.2  22.4  56.4  35.6  48.9
-------------------------------------------------------------------------------
Yearly Mean = 54.6
