                           DAILY SUNSPOT NUMBERS 1902
===============================================================================
 Jan   Feb   Mar   Apr   May   Jun   Jul   Aug   Sep   Oct   Nov   Dec   Yr Day
-------------------------------------------------------------------------------
   0     0     0     0     0    14     0     0     0     7     0     0  1902 01
   0     0    10     0     0     7     0     0     0     8     0     0  1902 02
   0     0    25     0     0     7     8     0     0     7     0     0  1902 03
   0     0    27     0     0     7     7     0     0     0     0     0  1902 04
  15     0    47     0     7     0     0     0     0    23     0     0  1902 05
  14     0    50     0     0     0     0     0     0    30     0     0  1902 06
  16     0    56     0     0     0    13     7     0    29     0     0  1902 07
  13     0    47     0     0     0     0     8     0    29     0     0  1902 08
  17     0    31     0     0     0     0     0     0    32     0     0  1902 09
  25     0    22     0     0     0     0     0     0    19     0     0  1902 10
  22     0    21     0     0     0     0     0     0    18     0     0  1902 11
  14     0    17     0     0     0     0     0     0    11     0     0  1902 12
  13     0    17     0     0     0     0     0     0     8     0     0  1902 13
  16     0     8     0     0     0     0     7     0     7    10     0  1902 14
   7     0     0     0     0     0     0     7     0     7    26     0  1902 15
   0     0     7     0     0     0     0     8     0    13    20    13  1902 16
   0     0     0     0     0     0     0    11     0     0    13    10  1902 17
   0     0     0     0     0     0     0     7     0     0    21    10  1902 18
   0     0     0     0     0     0     0     0    12     0    24     0  1902 19
   0     0     0     0     0     0     0     0    17     8    32     0  1902 20
   0     0     0     0     9     0     0     0    20     7    40     0  1902 21
   0     0     0     0     0     0     0     0    28    17    33     0  1902 22
   0     0     0     0     8     8     0     0    29    28    26     0  1902 23
   0     0     0     0     8     0     0     8    30    25    32     0  1902 24
   0     0     0     0     7     0     0     0    14    37    19     0  1902 25
   0     0     0     0     7     0     0     0    23    39    13     0  1902 26
   0     0     0     0     7     0     0     0    19    22     0     0  1902 27
   0     0     0     0    10     0     0     0    15    28     0     0  1902 28
   0           0     0     8     0     0     7    11    23     0     0  1902 29
   0           0     0     8     0     0     0    10    16     0     0  1902 30
   0           0           8           0     0           7           0  1902 31
-------------------------------------------------------------------------------
  5.5   0.0  12.4   0.0   2.8   1.4   0.9   2.3   7.6  16.3  10.3   1.1   Mean
-------------------------------------------------------------------------------
Yearly Mean = 5.0
