                           DAILY SUNSPOT NUMBERS 1871
===============================================================================
 Jan   Feb   Mar   Apr   May   Jun   Jul   Aug   Sep   Oct   Nov   Dec   Yr Day
-------------------------------------------------------------------------------
 102    94   154   211   181    91    75    61   108    49    60    78  1871 01
 104    96   138   198   145   105    91    66   126    55    62    58  1871 02
 101   109   118   199   121   127    91   110    51    59    83    69  1871 03
  93    75   106   173   147   113   127    78    52    87    78    84  1871 04
  92    75   106   152   133    73   165    79    34    62   102    51  1871 05
  86    73   118   123   117    93   117    96    67   103   137    60  1871 06
  75    59   130   134   157    72   129    96    66    80    97    52  1871 07
  71    64   104   150   163    55   112    81    46   115   140    37  1871 08
  78    96   118   145   163    95    79    82    41   132   129    98  1871 09
  94   114    99   142   162   120    75    99    55   123   112    88  1871 10
 113    95   118   154   147   130   109    81    63   153   114   115  1871 11
 113   136    97   133   145   108    96   111   112   153    86   113  1871 12
 133   136   139   196   111   169    73   127   105   112   115   129  1871 13
  91   166   175   181   104   133    54   148   143    85   149   128  1871 14
  77   126   186   189   109   126    55   166   133    96   103   124  1871 15
  67   139   190   196   130   142   108   184   129    93   123    85  1871 16
 106   147   202   205   133    94   126   177   114    94   116   144  1871 17
 113   162   199   156   163   103   133   187   114    43   129   151  1871 18
  90   175   162   193   163    88   138   150    62    52   117    82  1871 19
  91   166   187   181   157    72   160   147    60    72   117    91  1871 20
  94   163   183   160   132    69   169   136    79    75   140   115  1871 21
 111   165   152   195   150    52   142   151    45    72   171    93  1871 22
  97   168   143   163   156    54    99   103    54   121   133   106  1871 23
  74   109   138   145   196    52    85    78    54    60    99   131  1871 24
  74   106   161   130   136    29   111    94    61    94    99   120  1871 25
  65   175   143   157   171    73    88    87    91    88    82    67  1871 26
  55   153   131   127   156    70    85    58    81    76    82    93  1871 27
  70   166   129   126   148    67    76    94    78    90    46    64  1871 28
  75         124   103   166    88    76    82   106   101    62    58  1871 29
  66         143   156   120    87    82   106    78   105    79    55  1871 30
  67         146         127          66    99          60          63  1871 31
-------------------------------------------------------------------------------
 88.3 125.3 143.2 162.4 145.5  91.7 103.0 110.1  80.3  89.0 105.4  90.4   Mean
-------------------------------------------------------------------------------
Yearly Mean = 111.2
