                           DAILY SUNSPOT NUMBERS 1942
===============================================================================
 Jan   Feb   Mar   Apr   May   Jun   Jul   Aug   Sep   Oct   Nov   Dec   Yr Day
-------------------------------------------------------------------------------
  46    27   127    39    51     0     0    21    15    14    54    61  1942 01
  41    35   116    35    28     8    18    11     0    17    61    56  1942 02
  34    41    56    41    30     8    19    22    28     8    49    46  1942 03
  39    67    32    30    31     8    24    23    21     0    40    35  1942 04
  67    77    31    32    27     0    49    24    20     0    28    31  1942 05
  58    82    20    17    25    14    50    20    14     0    33    15  1942 06
  57    79     7    25    25    15    43    19    26    18    31    31  1942 07
  81    48    10    28    20    13    34    28    15    17    27    31  1942 08
  83    39     0    36    25    10    31    18    14    27    22    26  1942 09
  60    34     7    33    29     8    19    12    15    32    25    31  1942 10
  61    23    15    44    34     7    16     8     7    29    22    29  1942 11
  48    46    18    57    31     0    10     0    10    32    21    25  1942 12
  50    46    17    59    40     0    29     7    26    10    24    24  1942 13
  37    44    25    67    54    10     0     7    33     9    25    25  1942 14
  31    52    26    60    39     8    19     7    32    11    20    25  1942 15
  23    37    29    69    52     8    19    17    16    12     8    15  1942 16
  15    38    38    71    46    10    18     8     8    10     0     9  1942 17
  21    37    53    84    35    14     8     7     8    10     0     8  1942 18
  22    40    65   109    34    31     7     0     8    17     0     7  1942 19
  18    52    72   105    26    25    15    10    15    19     7     7  1942 20
  25    47    83    94    14    28    13    28    25    23    30     7  1942 21
  24    41   102    94    11    19    11    27    22    25    31    13  1942 22
  31    53   117    82     9    17     0    47    21    17    48    27  1942 23
  31    65   106    85     8    15     0    34    11    16    39    22  1942 24
  31    68   100    59     8    20     0    36    20     8    37    20  1942 25
  10    84   115    79    15    14     8    47    21    13    37    17  1942 26
   8    82    79    89     7    20     8    43    14    31    47    12  1942 27
   0    93    48    73    15    11    17    34    21    39    33    11  1942 28
  11          51    65     0     0    23    26    16    37    56    11  1942 29
  22          61    61     0     0    25    19    15    51    66    11  1942 30
  20          55           7          17    17          44          11  1942 31
-------------------------------------------------------------------------------
 35.6  52.8  54.2  60.7  25.0  11.4  17.7  20.2  17.2  19.2  30.7  22.5   Mean
-------------------------------------------------------------------------------
Yearly Mean = 30.6
