                           DAILY SUNSPOT NUMBERS 1835
===============================================================================
 Jan   Feb   Mar   Apr   May   Jun   Jul   Aug   Sep   Oct   Nov   Dec   Yr Day
-------------------------------------------------------------------------------
  44    21    48                            63          95   101   121  1835 01
        20    49         101    42          55          90    79   111  1835 02
   0                39   105    42                      74              1835 03
              35         120          42                      32    99  1835 04
   0    19          50                                  42              1835 05
   0                46    77    44    42                      54        1835 06
   0                29                                  45    77        1835 07
        15    31    45                35          70    50          47  1835 08
   0    31    32    80    62    42    30                49    81        1835 09
   0                      47    29    48                            64  1835 10
        17    27    84          27    66          90    70          75  1835 11
  14                            27    94                                1835 12
  14    29    14    69    56    27   104                     150        1835 13
  15    32          92          45                      67   154        1835 14
  15    39          80    32    29                95   104              1835 15
   0          17          36    29                                      1835 16
   0    37    14          34    51                      80              1835 17
   0          14          31                           109              1835 18
                          34     0                80         122        1835 19
   0          14    56    40    14                                      1835 20
  15          14          37    17    81         140   169          61  1835 21
   0    30     0                                 152   169   131        1835 22
   0    15     0    50    35                                            1835 23
   0                      27          42         115   164   105        1835 24
  15     0    15          14    55                           115        1835 25
                          14                     105          97        1835 26
        15                 0          55          86                    1835 27
        47          71     0                                 105        1835 28
  15          15                      67          76          97    42  1835 29
               0    70    28    44               100   146              1835 30
  17          15          29          71                                1835 31
-------------------------------------------------------------------------------
  7.5  24.5  19.7  61.5  43.6  33.2  59.8  59.0 100.8  95.2 100.0  77.5   Mean
-------------------------------------------------------------------------------
Yearly Mean = 56.9
