                           DAILY SUNSPOT NUMBERS 1834
===============================================================================
 Jan   Feb   Mar   Apr   May   Jun   Jul   Aug   Sep   Oct   Nov   Dec   Yr Day
-------------------------------------------------------------------------------
         0     0           0    16     0     0    13    50           0  1834 01
         0     0           0    14     0     0    15    31              1834 02
  14    15     0    21     0     0     0    15    14          22        1834 03
               0           0     0    14    15     0    31    17     0  1834 04
   0     0     0           0     0    17     0    15    14    17    20  1834 05
               0    15     0     0    17     0    15    16          17  1834 06
               0     0     0     0    17     0    15     0     0    21  1834 07
                     0     0     0    14     0    15    14     0        1834 08
        15    17     0     0     0    24          14     0     0    30  1834 09
        30           0           0    19     0    16     0              1834 10
   0    30     0     0     0     0    16     0    21           0    30  1834 11
   0    29     0     0     0     0     0     0           0    19        1834 12
  16    26     0     0    14     0     0     0           0    49        1834 13
        41    15     0     0    19           0          17              1834 14
        29    15     0     0    24           0          15    52        1834 15
        29           0     0    16           0    22                    1834 16
  24    29     0     0     0                 0                          1834 17
   0           0     0    15    20     0     0          45    51        1834 18
   0    29     0     0    15           0     0    20                    1834 19
               0     0    15    18     0    15          32    50    16  1834 20
        17     0     0    15    17     0    17                79        1834 21
               0          34    14     0    19    17          86    15  1834 22
        16     0     0    16    16    39    19    14    40          35  1834 23
   0    14     0     0    16    13                 0    50          52  1834 24
   0    14           0    16    16           0     0    50          77  1834 25
   0     0           0    15    16           0     0                    1834 26
         0           0    15     0           0                          1834 27
               0     0    17     0           0     0    59    16        1834 28
              15     0    16     0    14     0     0    32          70  1834 29
              32     0    16     0     0     0    16                64  1834 30
                          30           0    15                      70  1834 31
-------------------------------------------------------------------------------
  4.9  18.1   3.9   1.4   8.8   7.8   8.7   4.0  11.5  24.8  30.5  34.5   Mean
-------------------------------------------------------------------------------
Yearly Mean = 13.2
