                           DAILY SUNSPOT NUMBERS 1858
===============================================================================
 Jan   Feb   Mar   Apr   May   Jun   Jul   Aug   Sep   Oct   Nov   Dec   Yr Day
-------------------------------------------------------------------------------
  25    57    55    15    64    58    82    31    85    84    56    85  1858 01
  35    26    57    31    44    74    79    37    93    94    44   100  1858 02
  35    28   101    32    47    73    85    11   105   111    23   120  1858 03
  66    31   102    13    57    50    90    11    95   113    19    81  1858 04
  82    35   113     0    50    51    78    46    81   121    15    89  1858 05
  48    37   124     6    34    43    69    35    95   135    35    62  1858 06
  85    23    63    13    30    41    81    32   105   117    69    57  1858 07
  47    23    57    44    17    34    87    62   101    89    30    52  1858 08
  84    23    48    30     8    32    72    46   100   121    40    46  1858 09
  59    35    40    44    45    16    59    59   142    81    53    41  1858 10
  70    39    49    36    16    11    74    42    78    65    85    35  1858 11
  60    16    40    46    16    14    65    50    85    73    67    43  1858 12
  56    13    52    49    15    14    42    24    88    81    66    51  1858 13
  39    14    59    53    17    38    37    39    82    79    29    59  1858 14
  42    13    29    41    18    28    51    50    96    67    91    67  1858 15
  44    52    67    41    23    28    52    58    81    72    37    75  1858 16
   0    13    61    47    13    41    49    91   108    66    50   114  1858 17
  14    26    92    28    47    23    44    85    80    89    63   102  1858 18
  19    66    87    52    56    38    35    77    85   115    97    62  1858 19
  24    39    92    54    43    29    41    76    90   117    59    44  1858 20
  12    62    76    31    36    76    81    76    58    89    50    72  1858 21
  27    62    70    45    33    57    47    46    67   111    45    61  1858 22
  14    54    57    39    36    46    50    44    51   103    47    82  1858 23
  14    46    42    42    44    36    61    33    41    95    40    66  1858 24
  13    23    38    36    70    39    74    39    40    82    35    52  1858 25
  29    35    44    50    89    62    30    48    40    68    30    39  1858 26
  35    36    17    34    44    51    36    88    35    75    72    80  1858 27
  24    50    14    49    65    64    46   100    52    86    64    40  1858 28
  30          12    74    87    68    34    96    67    86    75    15  1858 29
  24          11    74    48    99    14    94    78    73    72    86  1858 30
  54          12          72          12    87          69          95  1858 31
-------------------------------------------------------------------------------
 39.0  34.9  57.5  38.3  41.4  44.5  56.7  55.3  80.1  91.2  51.9  66.9   Mean
-------------------------------------------------------------------------------
Yearly Mean = 54.8
