                           DAILY SUNSPOT NUMBERS 1823
===============================================================================
 Jan   Feb   Mar   Apr   May   Jun   Jul   Aug   Sep   Oct   Nov   Dec   Yr Day
-------------------------------------------------------------------------------
   0     0     0     0     0     0     0           0     0              1823 01
   0     0     0     0     0     0     0     0     0                11  1823 02
   0     0     0     0     0                 0     0                21  1823 03
   0     0     0     0     0     0     0     0     0           0    21  1823 04
   0     0     0     0     0     0                 0     0     0    21  1823 05
   0     0     0     0     0           0           0     0          21  1823 06
   0     0     0     0     0     0     0     0     0     0          22  1823 07
   0     0     0     0     0     0     0     0     0     0          21  1823 08
   0     0     0     0     0     0     0     0     0     0     0    21  1823 09
   0     0     0     0           0     0     0     0           0    22  1823 10
   0     0     0     0     0           0     0     0     0     0    22  1823 11
   0     0     0     0     0     0     0     0     0           0    22  1823 12
   0     0    17     0     0           0     0     0     0     0    22  1823 13
   0     0           0           0     0           0     0     0        1823 14
   0     0           0     0     0     0     0     0     0     0        1823 15
   0     0     0     0     0                 0     0           0        1823 16
   0     0     0     0     0     0           0     0                    1823 17
   0     0     0     0     0     0     0     0           0          11  1823 18
   0     0     0     0     0     0           0     0     0     0        1823 19
   0     0     0     0     0     0     0     0     0     0     0    26  1823 20
   0     0     0     0     0           0     0     0           0    26  1823 21
   0     0     0     0           0     0     0     0     0     0    21  1823 22
   0     0     0     0     0     0     0     0                 0        1823 23
   0     0     0     0           0    11     0     0                    1823 24
   0     0     0     0     0     0           0     0           0        1823 25
   0     0     0     0           0     0     0     0     0     0        1823 26
   0     0     0     0                       0     0     0              1823 27
   0     0     0     0     0     0     0     0     0     0     0    15  1823 28
   0           0     0     0     0     0     0     0     0     0    21  1823 29
   0           0     0     0     0     0     0           0     0        1823 30
   0           0           0           0     0           0              1823 31
-------------------------------------------------------------------------------
  0.0   0.0   0.6   0.0   0.0   0.0   0.5   0.0   0.0   0.0   0.0  20.4   Mean
-------------------------------------------------------------------------------
Yearly Mean = 1.8
