                           DAILY SUNSPOT NUMBERS 1967
===============================================================================
 Jan   Feb   Mar   Apr   May   Jun   Jul   Aug   Sep   Oct   Nov   Dec   Yr Day
-------------------------------------------------------------------------------
  73    93   172   105    81   138    85   139   123    76   115   131  1967 01
  96    88   179    82    79   118    89   126   115    77   122   126  1967 02
 124    92   191    63    62   102    92   113   119    95   113    89  1967 03
 148   100   172    60    62   104    95    95   121    98   110    79  1967 04
 150    72   164    68    68    90    98   103   125   103    91    79  1967 05
 148    89   157    72    49    80    97   106   120    98    51    89  1967 06
 134   138   137    86    41    59    82    98   109    92    48   126  1967 07
 116   109    98   108    18    43    82   119   104    76    27   131  1967 08
 111   112    85    88    25    26    84   107    99    80    34   117  1967 09
 111    97    92    68    17    21    67    91    95    82    41   114  1967 10
 104    96    89    62    25    20    53    94    77    90    38   132  1967 11
  97    79    69    51    34    19    60    77    79    65    56   135  1967 12
  93    77    53    63    34    19    53    75    65    55    77   137  1967 13
  85    58    50    48    40    20    70    66    51    63    95   140  1967 14
  60    58    52    51    43    35    87    61    36    47    98   151  1967 15
  56    60    58    32    44    41    80    77    39    41   119   160  1967 16
  59    60    74    42    44    57    75    95    44    38   121   172  1967 17
  72    70    75    58    55    64    78   114    50    50   134   170  1967 18
  82    67    73    56    70    67    62   110    59    62   131   129  1967 19
  92    74    86    52    80    84    42   113    63    83   116   141  1967 20
 125    82    92    64    99    79    63   120    67    80    95   130  1967 21
 140    86   108    76   118    83    73   123    62    85    92   105  1967 22
 152    84   111    98   145    80    93   122    55   101   103   101  1967 23
 122   100   121    83   159    99    98   122    51    93   108    91  1967 24
 133   106   131    85   164    96   108   130    61   114   128   111  1967 25
 136   123   137    66   174    79   118   125    53   125   109   142  1967 26
 130   186   122    66   194    61   123   121    50   125   105   140  1967 27
 125   166   129    81   197    80   157   119    71   156   112   165  1967 28
 122         133    79   164    65   155   111    66   137   117   141  1967 29
 132         132    73   150    89   165   121    74   132   123   124  1967 30
 110         125         147         152   129         116         119  1967 31
-------------------------------------------------------------------------------
110.9  93.6 111.8  69.5  86.5  67.3  91.5 107.2  76.8  88.2  94.3 126.4   Mean
-------------------------------------------------------------------------------
Yearly Mean = 93.8
