                           DAILY SUNSPOT NUMBERS 1983
===============================================================================
 Jan   Feb   Mar   Apr   May   Jun   Jul   Aug   Sep   Oct   Nov   Dec   Yr Day
-------------------------------------------------------------------------------
  60   103   109    53   114    61    62   131    46    29    17    26  1983 01
  65    85    93    70   104    72    59   128    56    51    22    23  1983 02
  55    88    86    61    94    73    61   105    59    63    37    15  1983 03
  63    94    93    53    85    68    87   103    69    74    51    14  1983 04
  82    82   113    36    95    77    80    79    84    65    66    17  1983 05
 103    71    88    49    88    85    79    49    78    75    74    39  1983 06
 109    72    77    64    92   104    79    60    72    87    84    41  1983 07
 126    63    68    59    98   100    82    70    68    99    90    48  1983 08
 100    39    74    59   110   100    69    69    74   106    70    71  1983 09
  83    26    55    64   114    86    59    63    70   121    68    82  1983 10
  90    21    49    69   101    73    68    88    65   136    56    76  1983 11
  77    18    32    65   114    66    86   103    41   122    43    66  1983 12
  89    11    12    64   132    72    85   104    36   100    36    66  1983 13
  92    10    24    64   125    88    88    97    36    80    29    52  1983 14
  77    24    44    53   130    92    92    93    42    72    28    50  1983 15
  89    17    63    54    99    84    93    80    33    61    38    35  1983 16
 102    22    74    63    93    79    96    72    35    60    31    46  1983 17
  86    32    88    75    99    78    98    71    45    63    36    36  1983 18
  93    33    82   110    88   103    96    54    40    46    26    31  1983 19
  81    32    82    90   105   117   101    40    32    26    12    25  1983 20
  74    39    87    87   110   117   109    52    36    18    18    21  1983 21
  73    33    70    83   104   136   114    50    38    22     0    15  1983 22
  59    40    66    91   102   143    95    51    42    22     0    20  1983 23
  58    50    60    92   111   122   105    35    46    20     0    22  1983 24
  75    67    48   123    98   122    85    52    42    18     0    21  1983 25
  77    70    70   118   100   110    58    53    50    20     7    23  1983 26
  75    88    72   126    85    92    49    51    51    12    10    12  1983 27
  89    98    48   146    68    83    40    55    48    15    12    10  1983 28
  99          44   142    88    68    73    63    43    16    19    11  1983 29
 101          54   137    68    63    89    59    33    15    21    13  1983 30
 110          37          60         110    45          16           9  1983 31
-------------------------------------------------------------------------------
 84.3   51   66.5  80.7  99.2  91.1  82.2  71.8  50.3  55.8  33.3  33.4   Mean
-------------------------------------------------------------------------------
Yearly Mean = 66.6
