                           DAILY SUNSPOT NUMBERS 1872
===============================================================================
 Jan   Feb   Mar   Apr   May   Jun   Jul   Aug   Sep   Oct   Nov   Dec   Yr Day
-------------------------------------------------------------------------------
  37   113   129   136   103   157   124    79    73   175    67   120  1872 01
  75   163   113   109    79   170    99    97    81   162    52    88  1872 02
  48   151   127   102    87   136   100   141    84   139    66    85  1872 03
  82   162   106    90   141    89   117   130    64   136    88   150  1872 04
  81   138    91    97   149    69    96   144    94   123    97   123  1872 05
 101   148    55    97   130    58    93   142    91   135    93   110  1872 06
  58   168    51    91   147    79   100   142   129   131    97    91  1872 07
  84   148    52    91    93   123   124   126   124    79   117   136  1872 08
  73   154    36    85   102   127   130   145   144    67   133   110  1872 09
  74   145    41    71    31    97   196   148   163    79   136    90  1872 10
  82   134    22    90    73   174   172    66   136   109   174    97  1872 11
  94   126    36    79    80   142   177   133   105    92   166   109  1872 12
 106    96    49   114    54   139   169   130   141   103   174    90  1872 13
  99    97    33    96    75   130   132    94   118    83   117    85  1872 14
  85    92    33   121    58   106   108    76   120    69    79    87  1872 15
  99    52    33   102    73   106    82    72   129   105   124    67  1872 16
  97    85    34   129    76    85    78    63   118   112   112    97  1872 17
  75    63    70   136    78    97    99    66    96   137   140    52  1872 18
  70    69    90   136    88   106    93    60   149    97   133    79  1872 19
  88    52   106   153   124    64    87    55   108    91   151    60  1872 20
  96    76   124    76   110   106    84    79    91    87   117    53  1872 21
  66    94   161   115   159   120    67    96    91    70   109    55  1872 22
  69   100   153   115   148   106    91    66    85    72   120    29  1872 23
  76   117   111   109   145   102    67    97    88    73   121    23  1872 24
  55   133   123   100   108   105    69    97    88    66   100    38  1872 25
  55   148   118    85   109    72    70    79   154   127   112    67  1872 26
  55   163   141    85    97   105    69    78   150   109    76    70  1872 27
  57   142   127    82   132   107    88    39   153    94    96    61  1872 28
  90   154   127    93   157   106    75    33   132    91    96    83  1872 29
 103         140    79   160   114    97    37   138    96    96    84  1872 30
 135         109         169         117    70          72         111  1872 31
-------------------------------------------------------------------------------
 79.5 120.1  88.4 102.1 107.6 109.9 105.5  92.9 114.6 102.6 112.0  83.9   Mean
-------------------------------------------------------------------------------
Yearly Mean = 101.6
