                           DAILY SUNSPOT NUMBERS 1828
===============================================================================
 Jan   Feb   Mar   Apr   May   Jun   Jul   Aug   Sep   Oct   Nov   Dec   Yr Day
-------------------------------------------------------------------------------
  57    44    16    29          87    85    27    45    36    89        1828 01
  49    75          42    64    61    80    46    46    29    25    17  1828 02
  16          44     0    59          47    77    62    14              1828 03
        72    47    15    82    29    45    77    77    27    60        1828 04
  17    61    57         109          30    47    59    14    62        1828 05
  14                10    89    44    35    47    75    44    59    14  1828 06
  27          65    34          42    45    59    59    44    66    14  1828 07
        40    72    17    69    76    20    92    76    27              1828 08
  41    66          57    82    95    20   104    74    16          57  1828 09
  26    62          31    77    77    19    97    76    16    79    64  1828 10
        59   110    42    97    47    42    87    74    60          56  1828 11
  32    72   112    57   102          42    82    60    29    55        1828 12
                    42   134    54    42    84    47                29  1828 13
        72   129    42    74    97    42    82    46    60    49        1828 14
        72   109    91    42    87    57    81    79    59    50    41  1828 15
  57    84    72    72    44   105    84    96    36    60    31    86  1828 16
  71    50          71    55    60    71   110    32          54        1828 17
 102    84          72    60    64    79   104    16    47    32        1828 18
        70    64    67         145   107   111    17    70          77  1828 19
        64    61    66    87   165   102   116    29    94   101    59  1828 20
 106    50    61   109    85   177   101   105    14    64              1828 21
  84    66    52    97    76   164   127    93    32    69   101    25  1828 22
  94          49    95   101   105    72    65    75    97    70        1828 23
  72    64    71    68   109   136    60    60    66    96    70        1828 24
        75    70   119   158   162    45    89    42          59        1828 25
        69    60    99   114   142    42    62    44          45    49  1828 26
  44    45    60    76   140   137    27    95    46    97    27        1828 27
  42          55    76         126    42    25    46    86    44        1828 28
              56    95   117          16    45    33   102              1828 29
              44    81    90    65    31    60    29          26    64  1828 30
              25          91          24    45          65          52  1828 31
-------------------------------------------------------------------------------
 52.8  64.4  65.0  61.1  89.1  98.0  54.2  76.4  50.4  54.7  57.0  46.9   Mean
-------------------------------------------------------------------------------
Yearly Mean = 64.2
