                           DAILY SUNSPOT NUMBERS 1962
===============================================================================
 Jan   Feb   Mar   Apr   May   Jun   Jul   Aug   Sep   Oct   Nov   Dec   Yr Day
-------------------------------------------------------------------------------
  29    76    85    37    49    35    54     0    48    51    22    27  1962 01
  25    59    77    31    48    34    42     7    57    39    19    29  1962 02
  20    57    63    30    46    26    39     7    80    22    17    37  1962 03
  10    48    46    24    42    21    30    10    87    18    16    44  1962 04
  18    43    27    28    37    26    28    14    88    13     7    46  1962 05
  13    39    32    21    41    33    26    11    80    25    12    49  1962 06
  11    36    36    23    31    35    21     9    66    37    16    48  1962 07
  10    27    25    22    34    38    18     8    58    40    18    29  1962 08
   8    15    19    15    37    46    11     7    53    42    16    25  1962 09
  15    14    13    10    44    41    13     0    44    51    18    13  1962 10
   0    19     7    21    44    40    19     0    50    62    25    13  1962 11
  10     8     9    35    46    39    17    15    60    64    33    16  1962 12
  20     9    13    55    39    39    29    24    58    72    47    19  1962 13
  31    20    15    75    27    40    34    40    53    67    57    24  1962 14
  24    22    27    84    15    59    22    50    60    61    60    12  1962 15
  24    15    27    90    18    58    28    50    42    51    82     0  1962 16
  19    22    29    82    26    70    34    54    33    43    67    14  1962 17
  25    28    36    71    29    68    29    46    35    33    58    26  1962 18
  29    29    61    71    32    62    14    46    24    29    47    34  1962 19
  34    53    75    72    37    44    14    39    24    28    28    45  1962 20
  42    65    86    75    45    35    29    37    31    32    23    34  1962 21
  63    72    94    78    59    46    29    32    32    41     8    28  1962 22
  82   108    84    72    62    33    17    29    38    43     0    23  1962 23
  83   124    79    46    62    30    14    36    53    41    13    32  1962 24
  88   103    74    39    60    43    12    16    54    43    24    24  1962 25
  86    95    71    37    60    46    10     7    55    48    23    14  1962 26
  92   108    48    32    57    36    11     7    51    40    16     0  1962 27
  85    95    38    41    60    44    15    14    44    31    14     7  1962 28
  66          37    40    63    44     9    15    36    15     8     0  1962 29
  66          44    34    58    49     8    25    46    20    14     0  1962 30
  71          38          48           0    22          23           7  1962 31
-------------------------------------------------------------------------------
 38.7  50.3  45.6  46.4  43.7  42.0  21.8  21.8  51.3  39.5  26.9  23.2   Mean
-------------------------------------------------------------------------------
Yearly Mean = 37.6
