                           DAILY SUNSPOT NUMBERS 1827
===============================================================================
 Jan   Feb   Mar   Apr   May   Jun   Jul   Aug   Sep   Oct   Nov   Dec   Yr Day
-------------------------------------------------------------------------------
  60          86    52    52    27    42    62    30    47          25  1827 01
  76          86    44    50          59    60    44    71    50        1827 02
  84    51    85          54    18    71    64    44    61    57    42  1827 03
        60    77          59          76    66    63    67    71    42  1827 04
        60    90    47    66    19    66    46    62    67   111        1827 05
  37          60    34    95          49    57    91    80    76    87  1827 06
  52    56    91    32    77    17    59    29    92    81    72    61  1827 07
        30    31    69    41          50    30    74    81    92    30  1827 08
  52    30    81    57    61    30    50    57    81    97          27  1827 09
  44    15    46    74    74    34    67    60    40    71          42  1827 10
  30    15    30    32    85    51    46    56    65    61    66    42  1827 11
  30    29    39    47    93    45    44    55    49    47          72  1827 12
   0    19    34    43    78    80    18          29    93    34    72  1827 13
        34    59    17    65    69    14    44    42    56          71  1827 14
  32    35    59    34          84    14    41    30    47          44  1827 15
        36    44    36    36    40    14    42    49    47    30    27  1827 16
  34    15    29    25    45    14    14    42    72    47    16    49  1827 17
  30    34   102    68    46    59    14    27    52    55    36    47  1827 18
        50          47    50    46    14          30    49          69  1827 19
  24    64    66    64    69    60    14    45    31    42    32    22  1827 20
   0   112    64    54    52    99    29    44    30    49    29    24  1827 21
   0    74          51    54    69    29    59    62                    1827 22
  14    80    47          62   110    42    86    61    29    16        1827 23
   0    57    45    36    19   117    31    66    45          16    39  1827 24
        60          24    50    69    49    87    30    16    29    32  1827 25
  20    57    59    30    27    61    44    69    50                    1827 26
        36    32    66    27    61    44    86    21                42  1827 27
  36    76    35    64    14    64    46    77    29    17    29    60  1827 28
  39          59    61    30    80    52    45    44    31    59    41  1827 29
  51          22    34    77    50    79    27    46    44    44    44  1827 30
  51          60          81          71    29          62              1827 31
-------------------------------------------------------------------------------
 34.6  47.4  57.8  46.0  56.3  56.7  42.3  53.7  49.6  56.1  48.2  46.1   Mean
-------------------------------------------------------------------------------
Yearly Mean = 49.6
