                           DAILY SUNSPOT NUMBERS 1831
===============================================================================
 Jan   Feb   Mar   Apr   May   Jun   Jul   Aug   Sep   Oct   Nov   Dec   Yr Day
-------------------------------------------------------------------------------
       125   115          51    60    15    50    37    74    41    13  1831 01
  28   117   111    97    69    74     0    77    55          71    13  1831 02
  26    90          75    50    76    15    75    28          29    29  1831 03
   0          94          51    68    31    97    64    65    52        1831 04
   0    71    99    31    56    44    45    80    65    67    59        1831 05
  42    83    90    45    37    49    49    82    64    39              1831 06
  44    57    88          34    49    46    65    49    57              1831 07
   0          96    60    35          32    62    44    44    42        1831 08
   0          85    45    32    30    46    79          60    31        1831 09
             132    14    16    13    60    79          59    46        1831 10
  67    16          31    15    15    30    64                       0  1831 11
              72    16     0          46    91          60          16  1831 12
         0   144    45    14    35    30                64              1831 13
  62    27    49    51    41    16   161    50          67    30    30  1831 14
  66    46   117    73    29    45    70    49          79              1831 15
  82    24   109    69    14    71    60    44    22          60    39  1831 16
  44    22          62    14          61    51    24                40  1831 17
              84    37    14    30    46    65    22          46    22  1831 18
   0    35    77    56    14    14    14    64    45    26    50    71  1831 19
  45    47          55    14    29    15    52    20    29          41  1831 20
  44    62    52    87    14    30    45          36    27    40    29  1831 21
  26    40    78    87    47    15    51    39    17    14              1831 22
        61    66    86    46    15    15    21    19    15          47  1831 23
              60    57    56    17    16    17    24    15    26        1831 24
        30          59    64    17    62          32    29              1831 25
  72    16    76    57    60    17    64    24    32    36    30        1831 26
  74    34   100    46    65    16          44    31    34          31  1831 27
 130    50   104    40    78    27    60    13    30    55              1831 28
  80         130    45    46    14    50    28          49          13  1831 29
                    45    41    15          26    74                    1831 30
 112         107          64          76    51                          1831 31
-------------------------------------------------------------------------------
 47.5  50.1  93.4  54.5  38.1  33.4  45.2  55.0  37.9  46.3  43.5  28.9   Mean
-------------------------------------------------------------------------------
Yearly Mean = 47.8
