                           DAILY SUNSPOT NUMBERS 1934
===============================================================================
 Jan   Feb   Mar   Apr   May   Jun   Jul   Aug   Sep   Oct   Nov   Dec   Yr Day
-------------------------------------------------------------------------------
   0    11     0     0     7     0     0     0     0    15    13    27  1934 01
   0     9     0    11     0     0     0     0     0     0    14    20  1934 02
   0     9     0    12     0     0     0     0     7     0    16    12  1934 03
   0     0     6     9    14     0     0     0     0     8    14    14  1934 04
   0    10     0     8    17     0     0     0     0     0    12    14  1934 05
   0    11     7     0    21     0     8     8     0     0    14    10  1934 06
   0    19     9     0    26     0     8     9     0     0    10    13  1934 07
   0     8    19     0    34     0    11     9     0     0     8    11  1934 08
   0    14    22     0    23     7    11    10     0     0    10     0  1934 09
   0     8    12     0    19     0    18    11     7     0     7     0  1934 10
   0     9    15     0    10     0    24    12     0     7     7     0  1934 11
   8     9     7     0     7     0    24    21     7     8     7     0  1934 12
  11    16     0     0    15     0    25    22     7     8     0     0  1934 13
  12    17     0     7    21     0    24    24     8     8     0     0  1934 14
  13    10     0    21    26    11    20    24    16     9     0     0  1934 15
  16    11     0    33    25    27    23    27     9     9     0     0  1934 16
  11    11     0    32    35    31    17    17     8     8     0     0  1934 17
   4    11     7    29    41    26    18    22     0     8     7     0  1934 18
   0     8     0    22    46    25    17    13     0    14     0     0  1934 19
   0     0     0    21    37    14     9     0     0     0     0    14  1934 20
   0     0     0    22    29    16     8     0     0     0     0    24  1934 21
   0     0     0    18    34    10     0     0     0     7     0    21  1934 22
   0     0     0    16    33    10     0     7     7     8     0    27  1934 23
   0    10     0    19    23     8     8     8     0     0     0    25  1934 24
   0     7     7    11    19     8     8     0     0     7     7    47  1934 25
   0     0     7    10    17     8     0     0     0     7    11    37  1934 26
   0     0     0    16     9     0     0     7     0     7    14    29  1934 27
   0     0     0    14    16     0     6     0     9     7    23    35  1934 28
   8           7     7     8     0     0     0    14     9    35    31  1934 29
  11           7     0     0     0     0     7    21    16    31    36  1934 30
  12           0           0           0     0           8          31  1934 31
-------------------------------------------------------------------------------
  3.4   7.8   4.3  11.3  19.7   6.7   9.3   8.3   4.0   5.7   8.7  15.4   Mean
-------------------------------------------------------------------------------
Yearly Mean = 8.7
