                           DAILY SUNSPOT NUMBERS 1874
===============================================================================
 Jan   Feb   Mar   Apr   May   Jun   Jul   Aug   Sep   Oct   Nov   Dec   Yr Day
-------------------------------------------------------------------------------
  54   105    58    57    54    37    85    91    18    60    20    16  1874 01
  54    88    67    57    52    34    97    94    19    61    18     8  1874 02
  70    90    37    57    58    34   126    93    19    58    18     0  1874 03
  52    90    63    45    37    33    72    76    16    28    20     0  1874 04
  33    91    63    35    40    33    58    80    33    55    24    11  1874 05
  49    75    61    19    58    16    82    76    16    28    19    22  1874 06
  52    57    39    54    79    18    82    82    16    25    19    24  1874 07
  39    37    33    55    90    16    85    60    33    48    25    55  1874 08
  55    37    16    52    82    16    79    75    16    36    41    39  1874 09
  55    21    34    55    80    37    97    52    30    58    22    36  1874 10
  41    37    36    70    61    39    97    76    36    36    16    28  1874 11
  22    37    48    37    38    40    97    61    37    18    33    28  1874 12
  25    36    49    55    64    34    87    64    16    18    16    69  1874 13
  40    54    46    44    21    36    70    46     0    16    39    40  1874 14
  60    52    87    39    53    39    76    65     0    33    38    17  1874 15
  39    34    81    38    19    34    90    43    16    31    41    43  1874 16
  75    51    39    37    37    40    76    46    16    54    44    39  1874 17
  72    16    37     8    36    46    63    45    16    67    49    38  1874 18
  69    67    34    19    18    51    58    80    16    52    20    36  1874 19
  54    70    18    16    42    34    48   100    33    67    51    69  1874 20
  50    53    37     0    43    30    48    78    33    67    45    44  1874 21
  68    57    19     0    42    48    48    52    51    19    51    20  1874 22
  66    88    21     0    37    42    51    55    49    33    22     0  1874 23
  55    85    33    16    36    24    60    52    33    16    36     0  1874 24
  84   106    57    16    67    18    33    33    33    16    26     0  1874 25
  73   105    54    16    34    25    18    33    33    16    36    26  1874 26
  93    88    57    16    18    37    18    33    49    16    24    32  1874 27
  87    70    54    16    19    57    34    33    33    16    22    38  1874 28
  90          37    16    22   107    40    52    52     0    16    40  1874 29
  99          52    16    22    90    54    37    72     0    16    46  1874 30
 109          72          25          74    36          16          43  1874 31
-------------------------------------------------------------------------------
 60.8  64.2  46.4  32.0  44.6  38.2  67.8  61.3  28.0  34.3  28.9  29.3   Mean
-------------------------------------------------------------------------------
Yearly Mean = 44.7
