                           DAILY SUNSPOT NUMBERS 2010
===============================================================================
 Jan   Feb   Mar   Apr   May   Jun   Jul   Aug   Sep   Oct   Nov   Dec   Yr Day
-------------------------------------------------------------------------------
  12    11    15    17     8    11     8    16    21    25    13    19  2010 01
  14     9    24    17    13    13     8    16    40    19    11    21  2010 02
  11     9    23    18    25    15     8     9    34    20    11    24  2010 03
  10     8    25    25    32    20     9    21    40    15     9    31  2010 04
   7     8    18    26    29    19    17    34    30     9    17    26  2010 05
   0    24     0    19    12     9    16    34    20     0    22    17  2010 06
   0    25     8    16    10    13     8    32    10     0    23    18  2010 07
  10    39    11    22    10    10     8    25     0     0    23    18  2010 08
  10    37     0     7     0    21    11    36     0     9    19    17  2010 09
  15    33     0     8     0    28    14    38    11     9    30    21  2010 10
  25    29    22     8     0    33    23    44     8     9    32    16  2010 11
  24    27    23     8     0    33    22    33     9     9    30    16  2010 12
  21    28    20     7     0    18    19    27    18    16    43    28  2010 13
  18    22    21     0     0    10    11    22    19    26    38    16  2010 14
  18    20    17     0     0     0    16    25    19    29    38     8  2010 15
  16    20    15     0     0     0    10    34    30    34    37    14  2010 16
  12    28    18     0     0     9     9    17    37    40    35     7  2010 17
   9    15    19     0     0     9     9    15    35    42    29     0  2010 18
   0    13    14     0     0    19     9    10    34    44    26     0  2010 19
   9    13     9     0     0    13    19     8    27    36    18     0  2010 20
  12    11    14     7     9    10    22     0    26    25    17     0  2010 21
  21    11    11     7    13    11    23     0    25    25    15    10  2010 22
  26    10     9     0    14    10    28     0    27    31    16    10  2010 23
  26    20    11     0    12     9    30     8    27    42     8     8  2010 24
  23    19    15    12    15    12    25    15    27    47    15    15  2010 25
  17    18    14     0    10    13    21    15    34    44    14    20  2010 26
   9     9    22     0     8     8    12     8    39    29     8    10  2010 27
   8     9    20     8     8     8    22     8    38    22    17    13  2010 28
   8          21     0    12    16    24    18    38    27    18    11  2010 29
   8          21     7    18     8    20    19    33    23    15     8  2010 30
  11          17          11          17    20          24          27  2010 31
---------------------------------------------------------------------------------------
  13.2  18.8  15.4   8.0   8.7  13.6  16.1  19.6  25.2  23.5  21.6  14.5
-------------------------------------------------------------------------------------------
Values are preliminary after Jun 2010.
