                           DAILY SUNSPOT NUMBERS 1984
===============================================================================
 Jan   Feb   Mar   Apr   May   Jun   Jul   Aug   Sep   Oct   Nov   Dec   Yr Day
-------------------------------------------------------------------------------
  10   110    74   103   109    48    33    14    45     7    16    19  1984 01
  16    82    78    94    89    44    36    17    50     8    14    22  1984 02
  17    67    66    88    69    45    61    19    61    11    11    19  1984 03
  18    61    54    81    52    34    80    25    58    11    14    19  1984 04
  21    66    65    61    38    30    72    18    53     0    12    16  1984 05
  29    76    49    70    27    23    61    24    32     0     0    21  1984 06
  37    79    51    50    35    34    64    27    21     0    11    18  1984 07
  38    94    64    33    54    31    74    32    20    12    13    23  1984 08
  50   115    60    36    72    26    63    35    13    14    13    21  1984 09
  44   123    46    12    85    31    74    31    10    17    21    15  1984 10
  48   118    65    21    94    37    57    29     9    22    27    28  1984 11
  51   108    72    28   100    39    54    31     9    16    21    29  1984 12
  48    82    79    24   118    41    44    28     9    10    16    28  1984 13
  46    77    88    32   111    50    34    27     0     9    15    28  1984 14
  44    80   112    59    85    80    30    23     8    14    13    26  1984 15
  46    53   117    60    97    83    25    23    12    19    11    30  1984 16
  51    51   105    56    83    73    21    18     0    24    11    24  1984 17
  49    50    95    73    70    62    26    17     0    25    14    12  1984 18
  51    54    90    82    74    51    22    11    10    25    13    11  1984 19
  69    54   103    69    70    53    18    16     0    17    27    11  1984 20
  76    76    98    68    65    43    12    12     9    19    36    14  1984 21
  64   100    87    55    77    48    22    10    10    12    36    12  1984 22
  70   121    89    59    83    54    25    19     8    11    41    11  1984 23
  70   117    80    80    86    58    38    24     8     9    47    16  1984 24
  99   117    97    99    75    44    30    36     7    10    59    21  1984 25
 105   101    97   124    87    49    25    49     0    10    44    20  1984 26
  99    78    96   121    86    40     9    41     0     8    39    14  1984 27
 106    78    98   125    69    41     9    37     0     0    39    16  1984 28
 110    88    94   120    74    50    12    34     0     8    30    15  1984 29
 102         107   107    70    42    16    27     8    11    20    10  1984 30
  82         113          63          12    36          14          10  1984 31
-------------------------------------------------------------------------------
 57.0  85.4  83.5  69.7  76.4  46.1  37.4  25.5  15.7  12.0  22.8  18.7   Mean
-------------------------------------------------------------------------------
Yearly Mean = 45.9
