                           DAILY SUNSPOT NUMBERS 2001
===============================================================================
 Jan   Feb   Mar   Apr   May   Jun   Jul   Aug   Sep   Oct   Nov   Dec   Yr Day
-------------------------------------------------------------------------------
  89    78    52   186   107    58    74    62   103   168    96   133  2001 01
  94    78    53   166   118    99    83    81   106   144   100   149  2001 02
  88    92    75   169   115    99    80    93   120   135   100   150  2001 03
  98    91    92   134   132    96    71   115   108   132   111   145  2001 04
 110   105   104   133   118   106    62   130   120   114   130   158  2001 05
 130   110    91   110    92   119    45   120   141   104   140   142  2001 06
 131   111    85   100    79   129    47   118   166   103   123   138  2001 07
 105   111    63   115    55   142    54   117   182    77   152   140  2001 08
 115   114    79   110    63   168    71   104   166    79   149   141  2001 09
 101   105    97   114    60   159    70    99   150    98   149   115  2001 10
 115   100    90   115    80   173    69   112   126   113   145   106  2001 11
 117    71    95   103    84   171    90   112   149   127   121   117  2001 12
 111    71    74    98    85   160   111    91   150   108   118   119  2001 13
  92    68    80    92   102   180    99    93   148   115   118   101  2001 14
 100    75    75    75    96   186   102   106   130   123   117   108  2001 15
  75    73    70    58    99   191   113   127   121   121    90   120  2001 16
  59    71    51    28    95   178   123   117   112   126    85   119  2001 17
  60    76    61    38    93   153   127   106   136   131    92   115  2001 18
  73    75    66    62    85   141   122   100   143   143    81    99  2001 19
  61    76    80    86    82   136   118   101   183   160    87   101  2001 20
  81    94    88   116    95   144    96   110   173   154    80   120  2001 21
  93    81    85   109   121   151   100   112   164   135    87   135  2001 22
 112    59   113   106   134   155   101   119   186   143    80   133  2001 23
 118    56   149   109   118   145    90   116   200   135    67   157  2001 24
 106    56   186   119   112   131    79    92   193   151    73   143  2001 25
  84    58   218   119   118   114    61   101   175   154    84   167  2001 26
  97    50   241   128   124   107    60   112   176   143    76   164  2001 27
 102    51   235   107   103    89    63   121   170   139   107   156  2001 28
  90         233   113    85    74    46    96   159   120   115   137  2001 29
  70         231   112    75    65    57    99   165   103   121   134  2001 30
  86         205          69          52   115          93         135  2001 31
-------------------------------------------------------------------------------
 95.6  80.6 113.5 107.7  96.6 134.0  81.8 106.4 150.7 125.5 106.5 132.2
-------------------------------------------------------------------------------
Values are final.
