                          DAILY SUNSPOT NUMBERS 2007
===============================================================================
 Jan   Feb   Mar   Apr   May   Jun   Jul   Aug   Sep   Oct   Nov   Dec   Yr Day
-------------------------------------------------------------------------------
  22    22     7    10    20    19    19     0    14     0     0    10  2007 01
  24    24     7     0    20    25    11     0     8     0     0     9  2007 02
  25    21     7     0    12    31     9     7     8     0     0     7  2007 03
  25    17     8     0    11    34     9     7     8     0     0     9  2007 04
  28    16    17     0    10    35     9     7     8     0     0     8  2007 05
  27    15    14     0     9    33     9     8     0    11     8    16  2007 06
  24    15     0     0     8    37     8     8     0     9     0    15  2007 07
  30     8     0     0     9    34    10     9     0     7     0    25  2007 08
  27     7     0     0    11    12    14     9     0     0     0    26  2007 09
  24     7     0     0    12     9    17     9     0     0     0    24  2007 10
  23     0     9     0    14     9    17     8     0     0     0    24  2007 11
  16     0     8     0    13     8    15     8     0     0     0    28  2007 12
  17     0     0     0    11     8    26     8     0     0     0    30  2007 13
  11     0     0     0    18     0    27     0     0     0     0    24  2007 14
  11     0     0     0    18     0    25     0     0     0     0    22  2007 15
  11     0     0     0    19     0    20     0     0     0    10    18  2007 16
   9     8     0     7    24     0    11     0     0     0     9    11  2007 17
  10     8     0     0    25     0     9     0     0     0     0     7  2007 18
  14    20     0     0    22     0     8     0     0     0     0     0  2007 19
  11    17     0     0    14     0     0     0     0     0     0     0  2007 20
  11    10     0     0    11     0     0     9     0     0     0     0  2007 21
  12    16     0     0     9     0     0     8     0     0     0     0  2007 22
  10    15     8     0    14     0     0     8     0     0     0     0  2007 23
  11     8     8     0     9     0     0     8     0     0    10     0  2007 24
   8     8     0     8     0     7     0     8     0     0     8     0  2007 25
   7    15     9    10     0     8     0     8     0     0     7     0  2007 26
   7    15     8    11     0     8     0     8     0     0     0     0  2007 27
   8     8     8    14     0     9     9     8     9     0     0     0  2007 28
  18           8    20     7    18     9     8     9     0     0     0  2007 29
  20           7    21     7    18     9     8     9     0     0     0  2007 30
  20           7           7           0    17           0           0  2007 31
-------------------------------------------------------------------------------------------
 16.8  10.7   4.5   3.4  11.7   12.1   9.7   6.0   2.4   0.9   1.7  10.1
-------------------------------------------------------------------------------------------
Values are final.
