                           DAILY SUNSPOT NUMBERS 1841
===============================================================================
 Jan   Feb   Mar   Apr   May   Jun   Jul   Aug   Sep   Oct   Nov   Dec   Yr Day
-------------------------------------------------------------------------------
        54     0    15    85          49    32    49    29          42  1841 01
        36    19    31    75    77    44    32    29    21          87  1841 02
        37    15    35          71    47          45          27    76  1841 03
  30    37    14    34    72    45    67    14    29          27    90  1841 04
        22     0    40    80    42    64    14    14          21    81  1841 05
        20          47    79    44    44    14    14                    1841 06
        14    64    52    72    42    25    14    45    49    25    61  1841 07
         0    67    50    72          53    14    27          32        1841 08
                    69    75    57    55    27    27    53    29        1841 09
  50    14    71    36    65    56    51    45    31    59              1841 10
        27    56    42    72    56    50    56    29    62    14    32  1841 11
  54          52          75    25                29    50    14    19  1841 12
  55          32          50                66    27          14        1841 13
        51          59    81    56    17    46    27          15    22  1841 14
        61    31    77    79          17    36    41          15    22  1841 15
        61          30    67    65    15    35    57    31    14    15  1841 16
              19    30          65     0    37    51    15    14        1841 17
        27    15    14          45    14    31    82    15          15  1841 18
  14    27    35    25    50    42    14    51    94           0        1841 19
   0    31          14    29    71    29    51    70    14    16     0  1841 20
   0          14    14    59          29    19    44          36        1841 21
   0          31    14          49    15          49    22              1841 22
   0           0    35    42    74    15    35    34    22     0    52  1841 23
   0    24          44    41    77          55    31    20              1841 24
   0    19    30    64    41    52    37    60          16    14    25  1841 25
  30          34    47    56          35    50          19          29  1841 26
        19    40    49    71    46    31    47    15    14    37    29  1841 27
  44    17          45    77    59          57     0    14    32    25  1841 28
  45                61    77    52     0    44    14                16  1841 29
                    52    85    69     0    59    19    16              1841 30
  39          15          96          16    59                          1841 31
-------------------------------------------------------------------------------
 24.1  29.9  29.7  40.2  67.5  55.7  30.8  39.3  36.5  28.5  19.8  38.8   Mean
-------------------------------------------------------------------------------
Yearly Mean = 36.7
