                           DAILY SUNSPOT NUMBERS 1929
===============================================================================
 Jan   Feb   Mar   Apr   May   Jun   Jul   Aug   Sep   Oct   Nov   Dec   Yr Day
-------------------------------------------------------------------------------
  77    31    44    47    65    27    71    66     9    47    66   140  1929 01
  71    37    47    51    94    30    82    70    17    53    80   125  1929 02
  69    32    59    46    94    26    86    47    30    64    75   122  1929 03
  71    44    66    32    74    47    59    37    27    55    92    98  1929 04
  48    46    52    37    74    54    67    41    47    55    86    86  1929 05
  42    47    73    63    83    60    68    56    47    64   100    91  1929 06
  61    81    73    54    68    81    79    61    60    71    80    68  1929 07
  78    91    88    61    79    68    73    48    53    68    91    56  1929 08
  85   117   103    65    77    58    57    56    57    76    79    57  1929 09
  79   121    91    76    62    68    73    64    56    84    94    58  1929 10
  44    87    92    69    52    82    95    62    39    77    71   103  1929 11
  82    83    94    73    46    88    79    76    31    79    68   128  1929 12
  82    70    77    59    76    84    86    76    53    78    82   139  1929 13
  96    75    66    71    71    79    76   101    25    70    96   137  1929 14
  77    68    65    59    73    80    92   132    32    56    93   139  1929 15
 113    51    58    62    73    76    88   125    26    40    65   139  1929 16
  90    46    40    47    53    64    70   115    38    37    67   145  1929 17
  89    54    24    50    47    76    70   107    17    26    67   137  1929 18
  77    32    19    58    27    70    73   110    20    18    49   139  1929 19
  92    56    15    62    32    86    82    93    43    19    44   133  1929 20
  77    58    11    57    30   101   100    69    55    32    44   133  1929 21
  69    58    18    47    34   110    78    74    44    22    41   128  1929 22
 102    57    25    48    30   104    63    67    35    33    51   126  1929 23
  74    65    28    36    49    84    50    54    13    17    60   118  1929 24
  69    60    22    40    61    80    40    54    10    31    81   133  1929 25
  65    70    35    44    59    85    46    47    23    36    90   107  1929 26
  55    69    39    43    59    62    67    32    25    68   119    95  1929 27
  20    52    18    36    59    65    58    33    17    97   127    93  1929 28
  22          20    38    35    79    45    28    43    57   146    72  1929 29
  29          40    53    35    84    44    28    40    76   129    65  1929 30
  31          55          34          60    10          69          37  1929 31
-------------------------------------------------------------------------------
 68.9  62.8  50.2  52.8  58.2  71.9  70.2  65.8  34.4  54.0  81.1 108.0   Mean
-------------------------------------------------------------------------------
Yearly Mean = 64.9
