                           DAILY SUNSPOT NUMBERS 1939
===============================================================================
 Jan   Feb   Mar   Apr   May   Jun   Jul   Aug   Sep   Oct   Nov   Dec   Yr Day
-------------------------------------------------------------------------------
  41    79   102    34   163   129   103    67   103   144    81    54  1939 01
  42    90    92    85   157   120    97    78   116   143    88    40  1939 02
  60    97    70    83   119   113   112    73   124   109    72    43  1939 03
  76    67    75    82   141    97   128    94   119    92    61    27  1939 04
  58    56    60    74   124   104   130    90   136    90    58    18  1939 05
  90    82    52    70   115   124   122   112   136    82    62    17  1939 06
  68    76    52    63   133   127   151   106   114    91    66    23  1939 07
  78    85    44    86   105   113   167   141   145    91    37    47  1939 08
  55    64    61    89   103   116   130   157   159    77    40    45  1939 09
 134    44    47    98   128   104   143   151   168    67    46    52  1939 10
 118    49    49   102   101   119   131   157   136    56    66    49  1939 11
 111    73    55   100   142   102   118   170   150    74    82    56  1939 12
 103    86    55   112   121   107   101   159   127    85    84    48  1939 13
  84    76    46   126   148   112    97   138    92    68    99    62  1939 14
  86    56    58   121   139   101    87   146    96    73    87    58  1939 15
  55    62    55   141   118    97    74   122    83    68   111    53  1939 16
  71    62    83   109    93    92    85   128    69    79    94    52  1939 17
  63    61   112   102    79    91    86   111    67    74   103    61  1939 18
  70    62   133    94    79    89    95   110    88    92    75    44  1939 19
  74    82   112   125    68    56   113   104    70    95    50    46  1939 20
  86    92    89   125    87    68   106    94    89    86    67    46  1939 21
  83    96    77   115    85    68    96    86    88    94    66    47  1939 22
  77    98    74   152    93    65    80    72    88    94    62    35  1939 23
  90    93    66   151   106    74    67    75   107   112    61    41  1939 24
 102   112    48   134   107    61    62    58   106   112    58    32  1939 25
  86    74    49   134    97    84    53    69    98   100    59    37  1939 26
 102   101    41   146   104   109    50    86   105    80    62    32  1939 27
 103    92    35   145   138   137    57    85   131    64    61    31  1939 28
  72          41   136   172   134    71    69   131    81    43    28  1939 29
  76          36   140   157   118    68    76   137    85    43    47  1939 30
  76          35         146          46    95          74          34  1939 31
-------------------------------------------------------------------------------
 80.3  77.4  64.6 109.1 118.3 101.0  97.6 105.8 112.6  88.1  68.1  42.1   Mean
-------------------------------------------------------------------------------
Yearly Mean = 88.8
