                           DAILY SUNSPOT NUMBERS 1976
===============================================================================
 Jan   Feb   Mar   Apr   May   Jun   Jul   Aug   Sep   Oct   Nov   Dec   Yr Day
-------------------------------------------------------------------------------
   0     0     0    23    30     0     9    10    17    30     0     0  1976 01
   0     0     0    23    23     0     8    16    20    28     0     0  1976 02
   0     0     0    21    25     0    10    17    12    30     0     0  1976 03
   0     0     0    13     8     0     8    13    11    30     0     0  1976 04
   0     0     0    12    21     0     8    16    17    25     0     0  1976 05
   0     0    10     9    10     0    10    14    10    24     0     0  1976 06
   0     0    12     0    10     0     7    24     9    30     0     7  1976 07
   0     0     7     0     9    10     0    27     9     7     0    19  1976 08
   0     0    10     8     8    10     0    31    18    14     0    22  1976 09
   0     0    12    10    10     7     0    24    22     0     0    19  1976 10
   0     0    13    15    16     7     0    23    24     0     0    22  1976 11
  20     0    13    17    17     8     0    28    20    13     0    16  1976 12
  26    13    13    17    23     8     0    26    18    17     0    12  1976 13
  34    16    22    19    30    15     0    15    10    23     0    32  1976 14
  20    18    16    19    17    18     0     8    16    25     7    34  1976 15
  22    11    11    19    12    15     0    15    14    28     7    36  1976 16
  22     8    30    22    18    18     0    19     8    31    14    34  1976 17
  20    15    43    27     8    24     0    22     8    24    20    24  1976 18
  18    10    47    27    20    23     0    25     7    20    13    15  1976 19
  16    12    48    30    20    20     0    20     0    19    12     8  1976 20
  11     8    44    37    13    30     0    17     0    15     8     9  1976 21
  10     7    36    20     7    31     0     8     0    22    13     9  1976 22
  10     0    26    17    15    22     0     9     7    28    11     9  1976 23
   0     0    22    16     8    25     0    15     7    30    10    17  1976 24
   0     0    22    17     0    18     0    10    16    30     9    22  1976 25
   0     0    38    26     7    17     0    14    17    29     9    25  1976 26
   7     7    45    23     0     9     0     7    18    24     8    16  1976 27
   0     0    43    21     0    11     0     8    18    19     8    17  1976 28
   8     0    38    24     0    11     0     9    23    15     8    19  1976 29
   8          32    32     0    10     0    10    30     8     0    19  1976 30
   0          26           0           0     9           0          12  1976 31
-------------------------------------------------------------------------------
  8.1   4.3  21.9  18.8  12.4  12.2   1.9  16.4  13.5  20.6   5.2  15.3   Mean
-------------------------------------------------------------------------------
Yearly Mean = 12.6
