                           DAILY SUNSPOT NUMBERS 1845
===============================================================================
 Jan   Feb   Mar   Apr   May   Jun   Jul   Aug   Sep   Oct   Nov   Dec   Yr Day
-------------------------------------------------------------------------------
        40    62    57    24     0    37     0    16    81    55    50  1845 01
  17          60    55    19    15    56     0     0    61    76        1845 02
  20          54    45    55    14           0     0    46    60        1845 03
        19    62    54    56    27    77    21     0    30    54        1845 04
              66    57    47    29    71    24     0     0    55        1845 05
        17    56    91    69    29    60           0    15    47    66  1845 06
        16    33          65    72    42    44     0    29              1845 07
  35    15    27    84    52    64          40     0                    1845 08
  34    46    60    82          47    15    57     0    30    22    59  1845 09
  19          60          40    49    15    37     0          59    67  1845 10
  16    48    71    79    77    44    15    92     0    30    72        1845 11
  31                57          66    15   101    22    31    44        1845 12
  15    44    70    59   115    61     0          22    25     0    44  1845 13
  14          45          66           0    34    25           0    56  1845 14
  14                61    94                30    64    42     0        1845 15
  14    42    34    62    70    54    36    36    62    57    25        1845 16
        40    45                40    39    36          47              1845 17
                    64    62    36    34    37    75          56    55  1845 18
  14    41          64    56    39          30    59          37        1845 19
  14    42    34    42    66                27    56          34        1845 20
                    37    72    21          30    41    50    30    67  1845 21
              15    34    44          41    32    29    71          81  1845 22
        44          50    37    35    37          50          46        1845 23
  51    82          49          14    41    35                42    76  1845 24
        67    17    40    47     0    37    20    74    57    32        1845 25
              15    57    30     0    32    39    61                    1845 26
        67     0    57    14     0                                  47  1845 27
  36    72          36    14     0    16    34    50          14        1845 28
  36                51     0           0    37    64    27    46    67  1845 29
  57          20           0    22     0     0          44              1845 30
              46           0          19     0                      41  1845 31
-------------------------------------------------------------------------------
 25.7  43.6  43.3  57.0  47.8  31.1  30.6  32.3  29.6  40.7  39.4  59.7   Mean
-------------------------------------------------------------------------------
Yearly Mean = 40.1
