                           DAILY SUNSPOT NUMBERS 1982
===============================================================================
 Jan   Feb   Mar   Apr   May   Jun   Jul   Aug   Sep   Oct   Nov   Dec   Yr Day
-------------------------------------------------------------------------------
  92   258   168   145    63    70    50    55   115   132    80    88  1982 01
  94   241   174   115    57    83    41    68   124   164    88   125  1982 02
 112   232   175   151    46    94    33    68   146   143    75   132  1982 03
 109   221   177   137    58   104    42    81   176   120   100   137  1982 04
 112   219   163   112    63   111    39    97   160   109   100   137  1982 05
  86   230   165   117    64   108    32   128   141    55    76   174  1982 06
  94   226   146   130    69   115    33   144   117    54    98   175  1982 07
  97   232   140   131    89   127    42   150   115    55    86   184  1982 08
  98   211   116   132    47   142    61   161    94    54   102   152  1982 09
  85   181   122   138    53   147   110   155    81    88   109   166  1982 10
  46   158   119   152    58   138   146   157    86    87   112   171  1982 11
  52   156   135   142    75   144   187   138    78    92    83   194  1982 12
  51   162   155   133    78   139   219   113    81    98    98   172  1982 13
  58   142   153   136    58   137   222   100   104    88   116   160  1982 14
  81   134   140   127    52   125   246   100   129    71   116   166  1982 15
  76   111   156   122    69   128   263    86   133    65   100   140  1982 16
 111   120   180   108    76   136   272    93   127    54   108   118  1982 17
 139   103   168    91    89   134   270   105   107    33   117   102  1982 18
 143   107   167    87   110   134   234    97   117    56   122    79  1982 19
 134   119   160    93   112   139   192    77   104    70   118    63  1982 20
 134   120   153    91    98   143   138    79   102    95   131    87  1982 21
 121   100   146   109   121   146    99    90    95   100   141    88  1982 22
  93    97   144   138   107   116    74    71    97   128   120    96  1982 23
  70   120   122   145   110   112    27    79   109   145    96   100  1982 24
  82   128   152   149    88    92    25   101   118   142    75   122  1982 25
 119   136   147   150   117    94    29    98   138   135    73   116  1982 26
 125   154   182   126   130    49    22   115   133   131    71   126  1982 27
 168   163   179    90   119    36    19   132   132   103    74   120  1982 28
 216         169    85   112    32    23   134   144   101    82    98  1982 29
 211         162    79    77    38    38   144   160    96    76    79  1982 30
 237         132          82          60   120          73          69  1982 31
-------------------------------------------------------------------------------
111.2 163.6 153.8 122.0  82.2 110.4 106.1 107.6 118.8  94.7  98.1 127.0   Mean
-------------------------------------------------------------------------------
Yearly Mean = 115.9
