                           DAILY SUNSPOT NUMBERS 1847
===============================================================================
 Jan   Feb   Mar   Apr   May   Jun   Jul   Aug   Sep   Oct   Nov   Dec   Yr Day
-------------------------------------------------------------------------------
              37    45    32    64    46    36   197   141   172   133  1847 01
                          62    84          62         237   119        1847 02
  65                      67          14    75         141              1847 03
                          51    29     0    54         171              1847 04
  51                      59    66    51   114   154         139        1847 05
                    76    57   104    50   130   165         191   209  1847 06
                    70    54    92    40   142               171        1847 07
                    64    35    84         131               211   125  1847 08
             111          95   117    15    96         197   200   144  1847 09
        19    72    56   126    87    54   102    84               121  1847 10
  23    26    87         145    79    56    70   137         129    97  1847 11
  14    72    85    95                49   105   156   245   129    87  1847 12
                    81   112    79    59   106         217         107  1847 13
        75          77    84    89    55   166   167   182          69  1847 14
  19         130          64    80    51   202   100   167              1847 15
  31                      86    77    61   254         192          57  1847 16
             136                89    76   246         232    95    97  1847 17
             169    45    71    94         237   166   164    79    86  1847 18
        97   174               100    69   219   195          79   100  1847 19
  19         162    30                62   126   231   177         102  1847 20
              76    29    74   110    95   160   191   131    57        1847 21
        53    75    14    81         117   161   165   145              1847 22
        37    59    14    82   114         158         152    85        1847 23
 105    17    52    42    75   101         149   194   224    95        1847 24
        16    49    29    56    82   102                     147        1847 25
 146                34    82          87               174   114        1847 26
 120                30    75    95               112   139   167        1847 27
        37    56    31    57    84    21   181               207        1847 28
  96          42    16    86    58    15   167                          1847 29
              42    17          75    27   146               192        1847 30
              15          94          34   141                          1847 31
-------------------------------------------------------------------------------
 62.6  44.9  85.7  44.7  75.4  85.3  52.2 140.6 160.9 180.4 138.9 109.6   Mean
-------------------------------------------------------------------------------
Yearly Mean = 98.5
