                           DAILY SUNSPOT NUMBERS 1860
===============================================================================
 Jan   Feb   Mar   Apr   May   Jun   Jul   Aug   Sep   Oct   Nov   Dec   Yr Day
-------------------------------------------------------------------------------
  89   109   115   103    37    64   184   132    97    69    97   111  1860 01
 101   110   111    74    94   115   165   121    91    66    97   149  1860 02
 111   118   104    76   162   105   165    77    97   106   121   151  1860 03
 108   136    97    50   147   103   147    88   105   135    76   145  1860 04
  37   155    93    71   131   109   159   109   100   103   157   125  1860 05
  31   165   107    71   152   111   114   127   101   142   133   165  1860 06
  55   101   111    83   135    68   117   121   102   112   100   145  1860 07
  99   103   109    34   132   104    92   121   105    90    76   122  1860 08
  62    52   115    94    97   102    99   148    96    70   107   130  1860 09
  73   161   131    64   116    33    82   121    70    57    96   117  1860 10
  74    71   116    57   118    33    52   154    61    98   119   117  1860 11
  47   103   110    74   101    45    55   126    51    85    75    74  1860 12
  64    85   110    50    99    85    53   121    64   112    77    98  1860 13
  88    87   110    72    81    86    67   127    73   114    82   105  1860 14
 104    67    92    94    96    60    81    79    55   118    97    91  1860 15
  71    54    82   104   103    51    55    84    81    91    96    29  1860 16
  84    83    68    85    76    57    68   116   109    94    81    46  1860 17
  80    64    85    97    82    58    62    88    90   113    58    33  1860 18
  85    54    75    91    83    92   104    75    89    93    93    36  1860 19
  75    61    63   101    84   105   103    88    99   101    75    91  1860 20
  84    73    64    45    74    94   111    58   136    79    65   117  1860 21
  81    56    54    60   109   133   144    73    77    73    85   100  1860 22
 108    49    58    51   128   165   160    93    79    58    85    82  1860 23
 100    49    60    46   129   147   160    84    91    75   112   121  1860 24
 101    77   111    76   109   171   144    93   112    74    73    90  1860 25
 123    91   154    78   132   164   143    85    99    77   131    73  1860 26
  94   109   125    46   114   193   178    78   144    59   144    83  1860 27
  60    60    86    52    95   220   182    88   100    72   114    70  1860 28
  60    59   102    73   117   219   166    70   121    84   107    57  1860 29
  97         114    69    84   165    82    69    72    76   109    51  1860 30
 109         134         103         125    94          96          40  1860 31
-------------------------------------------------------------------------------
 82.4  88.3  98.9  71.4 107.1 108.6 116.7 100.3  92.2  90.1  97.9  95.6   Mean
-------------------------------------------------------------------------------
Yearly Mean = 95.8
