                           DAILY SUNSPOT NUMBERS 2003
===============================================================================
 Jan   Feb   Mar   Apr   May   Jun   Jul   Aug   Sep   Oct   Nov   Dec   Yr Day
-------------------------------------------------------------------------------
  31    40    48    93    99    42   100    49    46    76   124    92  2003 01
  27    43    59   103    86    38    97    56    46    68   112    72  2003 02
  66    36    57    90    95    40    80    76    47    62    72    72  2003 03
  65    35    80    72    96    47    67    73    50    49    52    66  2003 04
  68    50    65    60    93    59    56    87    39    50    12    59  2003 05
  86    68    63    52    78    86    63    83    37    41     9    45  2003 06
  90    82    79    48    65    98    85    78    30    41    12    32  2003 07
 108    87    66    34    33   101    89    69    25    43    21    26  2003 08
 109    93    89    42    20   111    90    70    17    47    39    16  2003 09
 117    73    71    38    17   111    74    72    25    45    39    25  2003 10
 117    73    69    25    36   116    61    72    34    44    30    25  2003 11
 104    71    56    37    38   115    68    71    29    25    11    25] 2003 12
  94    59    45    38    41    96    96    70    30    13    21    28  2003 13
  94    45    58    35    43    81    96    63    33    13    23    31  2003 14
  84    31    63    29    50    63   105    67    42    13    33    30  2003 15
  84    20    62    16    51    57   105    73    46    19    42    39  2003 16
  81    10    41    19    39    56   112    74    58    30    34    68  2003 17
  77    20    43    27    44    68   121    67    58    41    52    71  2003 18
  87    33    39    34    48    76   128    58    52    41    70    71  2003 19
  93    44    29    45    61    74   161    62    46    47    90    74  2003 20
  68    46    23    58    50    62   146    58    50    59    97    60  2003 21
  86    34     8    75    65    61   123    69    57    58    83    74  2003 22
  70    28    27    73    57    66   100    76    65    61   109    76  2003 23
  76    28    33    73    37    68    78    82    64    75   107    59  2003 24
  59    32    52    89    39    76    47    82    67    88   123    44  2003 25
  72    30    70    86    52    82    28    89    77    89   119    40  2003 26
  85    43    81   103    57    93    33    90    79   133   132    31  2003 27
  85    34    91   100    62    93    50    95    71   165   121    34  2003 28
  84         112   109    56    94    43    85    74   167   113    26  2003 29
  62         112    98    44    92    38    74    66   167   116    17  2003 30
  41         102          42          42    65         160          12  2003 31
----------------------------------------------------------------------------
 79.7  46.0  61.1   60.0  54.6  77.4  83.3  72.7  48.7  65.5  67.3  46.5
----------------------------------------------------------------------------
Values are final.
