                           DAILY SUNSPOT NUMBERS 1885
===============================================================================
 Jan   Feb   Mar   Apr   May   Jun   Jul   Aug   Sep   Oct   Nov   Dec   Yr Day
-------------------------------------------------------------------------------
  22    60    60    41    69    74    85    43    63    47    42     0  1885 01
  34    45    84    59    81    75    91    36    66    53    28     6  1885 02
  50    57    92    57    54    85    84    27    75    42    33     4  1885 03
  53    75    97    51    63    93    75    24    61    45    23     3  1885 04
  42    84    99    53    68    86    76    35    62    36    21     0  1885 05
  48    74    93    59    72    78    73    42    52    39    26     0  1885 06
  40    84   100    66    98    84    62    60    40    43    36     0  1885 07
  10   106    67    72   108    81    59    60    42    51    30     9  1885 08
   6    90    53    75   109    68    72    88    39    35    46     8  1885 09
   3    62    54    81    87    62    52    82    31    34    55     0  1885 10
   0    78    44    76    73    59    63    75    18    35    47    19  1885 11
   9    60    46    77    68    75    62    70    25    25    35    18  1885 12
  10    83    53    57    54    70    59    73    23     7    38    22  1885 13
  17    75    52    53    33    71    68    63    31     0    43    17  1885 14
  33    91    46    43    25    89    91    59    22     0    52    13  1885 15
  24    75    45    30    34   107    72    60    19     0    54    20  1885 16
  20    89    43    28    36   117    71    35    29     8    57    18  1885 17
  40    93    28    27    46   114    88    34    30    25    55    23  1885 18
  47   100    29    21    50    94    77    51    24    40    60    33  1885 19
  61    92    26    34    67    96    67    51    12    34    44    37  1885 20
  70    90    18    42    88    77    67    17    11    41    24    54  1885 21
  85    90     5    65    80    73    65    16    39    35    20    25  1885 22
  77    64     0    55    81   104    56    33    32    55    16    36  1885 23
  74    49    13    56   107   100    72    37    35    35    12    33  1885 24
  68    45    29    43   115    79    52    39    37    75     0    35  1885 25
  34    35    38    35    90    71    53    31    51    63     7    34  1885 26
  79    29    44    45   101    70    52    54    69    57     0    43  1885 27
  76    36    38    90    84    64    67    69    55    72    18    51  1885 28
  75          49    87    80    83    54    72    53    52     6    42  1885 29
  68          53    73    77   112    39    57    42    60     0    36  1885 30
  52          45          65          38    58          56          35  1885 31
-------------------------------------------------------------------------------
 42.8  71.8  49.8  55.0  73.0  83.7  66.5  50.0  39.6  38.7  30.9  21.7   Mean
-------------------------------------------------------------------------------
Yearly Mean = 52.2
