                           DAILY SUNSPOT NUMBERS 1867
===============================================================================
 Jan   Feb   Mar   Apr   May   Jun   Jul   Aug   Sep   Oct   Nov   Dec   Yr Day
-------------------------------------------------------------------------------
   0     0     0    12     0    10    16     0     0    16     0    32  1867 01
   0     0     0     0     0    10    16     0     0    10     0    31  1867 02
   0     0    11    13     0    10    14     0     0    19    10    54  1867 03
   0     0    10    21     0    14    14     0     0    15    16    29  1867 04
   0    10    15    26     0     0    10     0     0    35    16    22  1867 05
   0     0    10    17     0     0    14     0     0    54    10    16  1867 06
   0     0     0    15     0     0     0     0     0    38    10    16  1867 07
   0     0     0    16     0     0     0     0     0    32    10    16  1867 08
   0     0     0    13     0     0     0     0    19    37    10    10  1867 09
   0     0     0    10     0     0     0     0    20    31    10    10  1867 10
   0     0     0     0     0     0     0     0    15    33    10    14  1867 11
   0     0     0     0     0     0     0     0    17    17    10     0  1867 12
   0     0     0     0     0     0    10     0    22    15    16     0  1867 13
   0     0     0     0     0     0    10     0    34    11    10     0  1867 14
   0     0    12     0     0     0    10    10    31    10    10     0  1867 15
   0     0    16     0     0     0    10    15    25    18    16     0  1867 16
   0     0    16     0     0     0    10    10    25    10     0     0  1867 17
   0     0    16     0     0     0    10    19    31    16     0     0  1867 18
   0     0    25    10     0     0    10    11    19     0     0    19  1867 19
   0    10    16     0     0     0     0    11    16     0     0    16  1867 20
   0     0    21     0     0     0     0    10    10     0     0    14  1867 21
   0     0    17     0     0     0     0    22     0     0     0    39  1867 22
   0     0    22     0     0     0     0    13     0     0     0    79  1867 23
   0     0    17     0     0     0     0    15     0     0    10    52  1867 24
   0     0    15     0    13     0     0    12     0     0    10    61  1867 25
   0     0    12     0    11     0     0     0     0     0    10    27  1867 26
   0     0    10     0    19     0     0     0     0     0    16    78  1867 27
   0     0     0     0    12     0     0     0     0     0    21    57  1867 28
   0          10     0    13     0     0     0     0     0    22    36  1867 29
   0           0     0    11     0     0     0    11     0    34    27  1867 30
   0          14          11           0     0           0          27  1867 31
-------------------------------------------------------------------------------
  0.0   0.7   9.2   5.1   2.9   1.5   5.0   4.8   9.8  13.5   9.6  25.2   Mean
-------------------------------------------------------------------------------
Yearly Mean = 7.3
