                           DAILY SUNSPOT NUMBERS 1974
===============================================================================
 Jan   Feb   Mar   Apr   May   Jun   Jul   Aug   Sep   Oct   Nov   Dec   Yr Day
-------------------------------------------------------------------------------
  12    13    24    22    47    33    79    37     8    61    18     0  1974 01
  15    10    14    20    70    41    87    23     8    53    27     0  1974 02
  13     7     0    19    85    52    90    12    16    46    39     9  1974 03
  12     7    10    22    98    67    93    17    37    60    45    16  1974 04
   8     0    14    21   100    62    95    18    40    85    36    17  1974 05
   0     0    19    23   102    72    93    26    44    83    25     8  1974 06
   0     7    20    28    98    65    78    32    38    84    22     7  1974 07
  24    15    14    38    96    59    59    34    32    97    14     0  1974 08
  29    21    20    56    88    64    40    43    63   107     7     0  1974 09
  43    22    30    66    69    59    26    48    74   114    24     9  1974 10
  48    20    37    71    62    48    22    54    80   110    27    21  1974 11
  54    22    38    74    49    38    22    67    80    92    24    31  1974 12
  45    48    30    77    38    44    28    69    74    76    16    34  1974 13
  70    26    39    83    32    41    38    66    67    63     8    33  1974 14
  73    45    34    87    23    32    49    59    64    48    16    35  1974 15
  64    48    23    77    16    25    54    57    68    41    20    40  1974 16
  63    49    20    67     8    25    52    52    71    28    20    36  1974 17
  55    47    28    55     0    27    53    44    66    16    18    34  1974 18
  53    43    21    45     0    28    47    43    51     9    34    43  1974 19
  48    39    15    42     0    20    50    32    31    11    40    40  1974 20
  33    35    16    35     0    16    55    28    13    12    40    40  1974 21
  36    38    28    25     7    11    58    34     0     9    44    37  1974 22
  28    31    25    17     9    11    60    34     7     7    44    28  1974 23
  14    29    21    18     7    15    57    28    11     7    37    26  1974 24
   0    17    16    19     0    15    59    25    11     8    29     9  1974 25
   8    19    10    20    20     8    60     8    13    16    25     8  1974 26
   0    37     9    28    18     8    54     8    19    30    23     8  1974 27
   8    33    17    15    28    18    51     8    23    27    13    20  1974 28
   0          19    22    18    30    42    14    38    22     7    16  1974 29
   0          24    16     7    47    41     8    58    22     7    19  1974 30
   0          26          30          38    15          16          13  1974 31
-------------------------------------------------------------------------------
 27.6  26.0  21.3  40.3  39.5  36.0  55.8  33.6  40.2  47.1  25.0  20.5   Mean
-------------------------------------------------------------------------------
Yearly Mean = 34.5
