                           DAILY SUNSPOT NUMBERS 1923
===============================================================================
 Jan   Feb   Mar   Apr   May   Jun   Jul   Aug   Sep   Oct   Nov   Dec   Yr Day
-------------------------------------------------------------------------------
  28     0     0    12     0    16    18     0    11     8    21     0  1923 01
  32     0     0    10     0    10    17     0    13    10    28     0  1923 02
  10     0     0     0     0    10     8     0    17     7    24     0  1923 03
  15     0     0     0     0     0     0     0    23     7    29     0  1923 04
   0     0     0     0     0     0     0     0    19     9    27     0  1923 05
   0     0     0     0     0     0     0     0    16     0    20     0  1923 06
   0     7     0     0     0     0     0     0    19     0    16     0  1923 07
   0     0     0     0     0     0     0     0    33     0    15     0  1923 08
   0     0     0     0     0     0     0     0    22     9    10     0  1923 09
   0     0     0     0     0     0     0     0    23     8     7     0  1923 10
   0     0     0     0     0     0     0     0    10     8    15     0  1923 11
   0     0     0     0     8     0     0     0    10     7    12     0  1923 12
   0     9     0     8     9     0     0     0     8    10     7     0  1923 13
   0     8     0     9     6     0     0     0    10     7     7     0  1923 14
   0    11     0     0     0     0     0     0    13    10     7     0  1923 15
   0     7     7     0     0     0     0     0     9     8     9     0  1923 16
   0     0     0    14     0     0     0     0    14    10     0     0  1923 17
   0     0     0    13     0    13     0     0    13     8     0     0  1923 18
   0     0     0     7     0    13     0     0     7     7     0    11  1923 19
   0     0     7    11     7     8     0     7     0     8     0    13  1923 20
   7     0     0    14     0     9     0     8     0     7     0    12  1923 21
   7     0    12    14     7     8     8     0     0    21     0    13  1923 22
   8     0    10    13     8     7     7     0     0    27     0    10  1923 23
   0     0     7    10    11     7     7     0     7    29     9    11  1923 24
   0     0     8     7    11    38     7     0    11    32     9    16  1923 25
   0     0     7     8     0    24     7     0    14    22    11     0  1923 26
   0     0     0    13     0    23     0     0    21    21    10     0  1923 27
   8     0     0    14    10    20     0     0    19    16     0     0  1923 28
  13          12     7     7    31    10     0    19    13     7     0  1923 29
  12          15     0     7    37    14     0    16    13     0     0  1923 30
   0          16           8           7     0          19           0  1923 31
-------------------------------------------------------------------------------
  4.5   1.5   3.3   6.1   3.2   9.1   3.5   0.5  13.2  11.6  10.0   2.8   Mean
-------------------------------------------------------------------------------
Yearly Mean = 5.8
