                           DAILY SUNSPOT NUMBERS 1879
===============================================================================
 Jan   Feb   Mar   Apr   May   Jun   Jul   Aug   Sep   Oct   Nov   Dec   Yr Day
-------------------------------------------------------------------------------
   0     0     0     0     0     0    21     0    16     8     0     9  1879 01
   3     0     0     0     0     0    25     0    14    11     0    17  1879 02
   0     0     0     0     0     0    32     0    14    15     0    13  1879 03
   4     0     0     0     0     4    18     0    11     0     4    15  1879 04
   0     0     0     0     0    17     4     0    13     0    13     9  1879 05
   0     0     0     0     0     4     4     0    16     0    13     1  1879 06
   0     0     0     0     9     0     0     0    11     7    37     0  1879 07
   0     0     0     0    12     0     5     0     0    16    38     0  1879 08
   0     0     0     0    10     0     5     0     0    22    37    12  1879 09
   0     0     0     0     7     8    15    17     0    26    37     4  1879 10
   0     0     0     6    16     4    20    20     3    22    24     0  1879 11
   0     0     0     6    16     0    16    34     4    24    17     0  1879 12
   0     0     0    15     4     0    16    28     0    33    22     0  1879 13
   0     8     0    16     0     0    14    21     0    35    16     0  1879 14
   0     8     0    18     0     0    12     7     0    23    17     0  1879 15
   0     0     0    25     0     0    12     2     0     3    13     0  1879 16
   0     0     0    22     0     0     4     0     0    24    11    21  1879 17
   0     0     0    20     0     0     0     0     3    30     8    16  1879 18
   0     0     0    11     0     0     0     0     0    27     0    18  1879 19
   0     0     0    12     0     0     0     0     0    24     0    14  1879 20
   0     0     0    16     0     0     0     0     0    18     0    15  1879 21
   0     0     0    12     0     0     0     0     0    12     0    13  1879 22
   0     0     0     8     0     0     0    18     5     0     0    12  1879 23
   0     0     0     0     0     0     0    22    12     0     0    14  1879 24
   0     0     0     0     0     0     3    20    12     0     0    16  1879 25
   0     0     0     0     0    13     0    13    12     0    18     0  1879 26
   0     0     0     0     0    22     0    26    14     0    14     0  1879 27
   5     0     0     0     0    27     5    27     6     0    16     4  1879 28
   0           0     0     0    23     3    36    11     0    24     3  1879 29
   5           0     0     0    21     0    27     5     0    14     0  1879 30
  14           0           0           0    15           0           0  1879 31
-------------------------------------------------------------------------------
  1.0   0.6   0.0   6.2   2.4   4.8   7.5  10.7   6.1  12.3  13.1   7.3   Mean
-------------------------------------------------------------------------------
Yearly Mean = 6.0
