                           DAILY SUNSPOT NUMBERS 1894
===============================================================================
 Jan   Feb   Mar   Apr   May   Jun   Jul   Aug   Sep   Oct   Nov   Dec   Yr Day
-------------------------------------------------------------------------------
 139    55    72   106    86    79    87    56    49    60    40    86  1894 01
  69    49    48   104    98    62    85   112    55    71    46    73  1894 02
  53    47    22    93    92    92    96    85    49    71    68    76  1894 03
  57    58    44   106   107   112    71   104    40    80    63    98  1894 04
  61    80    53    89   103   119    92    91    49   114    69    88  1894 05
  78    97    43   107    98   103   137    91    78   131    96   110  1894 06
  61    80    34   120    83   110   137    89    82   148    71   101  1894 07
  45    79    56    94   100    87   122   104    85   144    77    85  1894 08
  52    99    55   103    99   110   142    86   112   143    66    49  1894 09
  45    71    73    97    75   124   122    73   101   142    72    52  1894 10
  83   107    82    77    68   107   146    76   119    97    66    51  1894 11
  75    71    67    73    76   100   130    68   118   101    73    32  1894 12
  71   100    54    61    73   132   156    64   122   101    59    32  1894 13
  91    66    72    65   103   141   112    68    85    91    55    34  1894 14
  92    71    74    58   131   117   128    76   103    82    34    37  1894 15
  93    79    42    32   130   157   157   104    97    51    21    42  1894 16
 111    77    22    26   128   135   147    99    79    19    29    28  1894 17
  98    97    26    29   142   139   139   100    50    26    45    49  1894 18
 123    97    26    40   186   141   114    82    40    23    45    53  1894 19
 131   118    37    46   159   111   104    82    40    43    49    41  1894 20
  98   134    32    61   141    91   109    77    36    53    56    70  1894 21
  92   124    32    82   114    91   109    63    52    64    62    55  1894 22
  65    80    16   111   106    74   119    52    50    45    47    61  1894 23
  90    83    26   113    89    68   107    23    61    50    67    57  1894 24
 142   106    35    75    66    49    73     7    32    62    46    55  1894 25
 134    74    52    97    66    63    71    24    29    47    56    68  1894 26
  98    88    50   102    70    49    71    38    29    45    73    53  1894 27
  90    82    83    89    86    50    51    44    51    59    56    64  1894 28
  67          89   105    86    82    55    36    27    62    53    40  1894 29
  32          97    87    77    71    56    47    58    68    38    49  1894 30
  43         106         100          42    57          46          72  1894 31
-------------------------------------------------------------------------------
 83.2  84.6  52.3  81.6 101.2  98.9 106.0  70.3  65.9  75.5  56.6  60.0   Mean
-------------------------------------------------------------------------------
Yearly Mean = 78.0
