                           DAILY SUNSPOT NUMBERS 1946
===============================================================================
 Jan   Feb   Mar   Apr   May   Jun   Jul   Aug   Sep   Oct   Nov   Dec   Yr Day
-------------------------------------------------------------------------------
  25    94    96    99   163    20    96   153   115    91    95    84  1946 01
  35   103    83   102   150    28   106   154   128   107    88    88  1946 02
  34   104    81   102   156    31    91   137   127    73    85    79  1946 03
  24   109    92   105   145    26   104   137    97    77    59   104  1946 04
  18   110   100    85   150    43   120   128    63    62    63   102  1946 05
  12   115    92    97   116    63   120   111    49    64   121    98  1946 06
  10   109    71    71   103    54   113   116    49    67   125   111  1946 07
  15   102    71    80    82    75    98   100    49    65   126    87  1946 08
  19    95    65    83    72    70    87   109    40    57   110    73  1946 09
  38   121    78    55    61    48    60   107    50    61   130   103  1946 10
  35   115    67    64    52    54    76    99    49    50   138   119  1946 11
  21   103    71    71    41    62    91    98    68    68   169   120  1946 12
  73    96    57    64    36    68    87    86    92    92   147    99  1946 13
 103    79    50    62    40    74    80   108    89   144   167   116  1946 14
 109    64    52    52    17    86    78    95   106   115   145   165  1946 15
  93    53    49    50    37    81    89   109   101   131   140   150  1946 16
  83    58    59    48    66    67   107    90    90   126   159   143  1946 17
  59    54    87    65    92    94   124    94    99   127   150   143  1946 18
  56    60   106    56    85    68   150   100   100   134   161   141  1946 19
  51    45   100    64    89   112   130   107    90   131   141   145  1946 20
  58    65   101    58    78   105   110   110    88   128   141   126  1946 21
  44    70   103    56    88   108   143   104   101   133   124   138  1946 22
  48    67   109    61    88   111   137   115   133   132   153   156  1946 23
  59    87    74    58   102   112   146   107   109   123   140   152  1946 24
  44    70    55    69   110    99   117    94   139   136   138   148  1946 25
  33    90    57    67   101   101   120    80   132   128   127   140  1946 26
  45    86    49    78   100    94   171    73   152   130   116   144  1946 27
  43    90    60   109    76    94   156    82   129   106   102   154  1946 28
  50          60   119    59    75   157    88   105   109    84   132  1946 29
  56          87   120    41    83   165   114    93   102    69   116  1946 30
  83          94          37         174   119         103          98  1946 31
-------------------------------------------------------------------------------
 47.6  86.2  76.6  75.7  84.9  73.5 116.2 107.2  94.4 102.3 123.8 121.7   Mean
-------------------------------------------------------------------------------
Yearly Mean = 92.6
