                           DAILY SUNSPOT NUMBERS 1999
===============================================================================
 Jan   Feb   Mar   Apr   May   Jun   Jul   Aug   Sep   Oct   Nov   Dec   Yr Day
-------------------------------------------------------------------------------
  64    29    77    44    76   137   141   166    94    50   115   103  1999 01
  68    25    88    39    92   135   146   165    82    64    99    99  1999 02
  58    19   102    48    80   131   142   151    77    68    81    70  1999 03
  65    15    96    71    84   140   134   127    69    77    95    57  1999 04
  64    12    99    81    88   144   130   127    71   124   102    51  1999 05
  48    19    79    92   104   146   122   110    58   136   103    63  1999 06
  64    28    43    82   142   123   117   100    69   138   123    59  1999 07
  51    36    41    89   152   131   113    98    76   113   146    78  1999 08
  47    41    63   104   149   160   115    76    73   131   169    87  1999 09
  46    60    61    90   136   146   112    54    74   130   206   110  1999 10
  32    78    76    75   134   159   115    52    76   126   205   101  1999 11
  35   115    87    76   122   153   130    60    85   145   188    89  1999 12
  41   134    76    81   101   152   103    67   102   157   164   102  1999 13
  65   138    94    74    94   147    84    57   112   151   146   104  1999 14
  83   144    91    63   105   139    80    49   113   115   153    92  1999 15
  83   133    97    67   105   120    77    44   111   122   171    94  1999 16
  93   122    99    75    99    97    79    36    99   125   166   102  1999 17
 102   105    96    55    93    80    90    38    99   114   159    99  1999 18
 121    85   101    50    94    79    79    42    86   109   164   100  1999 19
 120    86    78    50    96    62    77    48    65   113   152   102  1999 20
 114    74    71    42   109    79    79    58    44    97   142    93  1999 21
 108    47    61    40    98   106    94    68    60    86   137    94  1999 22
  87    42    30    42    86   144    97    76    57    79   110    89  1999 23
  68    38    41    51    85   195   113    86    41    90   103    97  1999 24
  31    44    37    45    92   194   119   129    29   120   102    93  1999 25
  30    51    31    47   114   182   100   136    31   143    95    84  1999 26
  28    59    24    55   119   172   115   128    35   140   124    69  1999 27
  28    77    37    55   119   169   144   147    46   135   105    62  1999 28
  24          51    61   115   160   161   152    52   137    78    75  1999 29
  24          55    66   107   148   165   150    58   155    93    48  1999 30
  30          51         109         146   109         129          57  1999 31
---------------------------------------- --------------------------------------
 62.0  66.3  68.8  63.7 106.4 137.7 113.5  93.7  71.5 116.7  133.2  84.6
-------------------------------------------------------------------------------
Annual mean:  93.3.  Values are final.
