                           DAILY SUNSPOT NUMBERS 1859
===============================================================================
 Jan   Feb   Mar   Apr   May   Jun   Jul   Aug   Sep   Oct   Nov   Dec   Yr Day
-------------------------------------------------------------------------------
  91    69    93    73    90   110    59   133   147   114   124    61  1859 01
  88    23    86    71    99    77    56    97    96   113   125    62  1859 02
  84    55    75    45   133   166    62   101   154   107   112    65  1859 03
  65    49    81    51    91    96    90    66    77   124   105    76  1859 04
  46    85    70    61   105    87    67    94   102   125    95   101  1859 05
  67    82    60    77    97   108    69    82   143   127   103   144  1859 06
  72   126    50    76   114    98    74    81    97   140   108   128  1859 07
  97   107    37    82   124    86    77   109    89   156    89   106  1859 08
  89   129    76   112   106    76    80   119   142   131   118    96  1859 09
  94   140    83   152    86    96    80    77   118    72   119    85  1859 10
  84   115    67   111   137    95   117    49   107    87   125    91  1859 11
  74   114    65    88   114    81    86    74   121   100   111   107  1859 12
  92   114    89   113   119   122    64   104   136   141   117    96  1859 13
  80   120   121   106   128   103    81    84    82   162   140    98  1859 14
 105   129   120   115   108    75   126    53    64    96   116   100  1859 15
  77   105   113   125    88    67   102    95    77    99    92    70  1859 16
  97    98   115    67    97    47    92   117   117   112    67    73  1859 17
 125    96   149    75    47    54   148   101    75   124    70    77  1859 18
 111    35    92    65    52    67   166   116   119   109    74    63  1859 19
  71    47    92    80    61    80   139   146   104   121   110    50  1859 20
  77    66   125    74    47    87    69   112    86   107   111    55  1859 21
  77    81   102    60    46   105    54   161    76    94   102    61  1859 22
  93    83   115    50    27   121    57   164   120   102    91    75  1859 23
  69    85    94    81    25   105   126   126    92   111   116    75  1859 24
  91    95   101    86    57    77    56   145    87   114    47    90  1859 25
  90    89   109    87    91    91   154   138    77    95    50    70  1859 26
  90    51    88   113    92    58   156   106    98   111    52    70  1859 27
  81    65    80   100    96    54    65   108   105   128    65    64  1859 28
  61          95    95    85    48   129   104   134    85    87    80  1859 29
  47          57    81   122    75   150   118   131   122    74    62  1859 30
 109          99         137          99   132         123          61  1859 31
-------------------------------------------------------------------------------
 83.7  87.6  90.3  85.7  91.0  87.1  95.2 106.8 105.8 114.6  97.2  81.0   Mean
-------------------------------------------------------------------------------
Yearly Mean = 93.8
