                           DAILY SUNSPOT NUMBERS 1971
===============================================================================
 Jan   Feb   Mar   Apr   May   Jun   Jul   Aug   Sep   Oct   Nov   Dec   Yr Day
-------------------------------------------------------------------------------
  68    90    83    58    47    49    95    72    22    63    73    63  1971 01
  67    85    93    57    49    61    97    61    19    58    69    65  1971 02
  65    81    84    59    54    60    98    58    26    48    62    55  1971 03
  69    80    72    56    61    55    95    48    29    37    66    41  1971 04
  63    73    63    62    66    43    84    45    42    52    69    59  1971 05
  64    78    52    58    66    28    79    38    71    42    64    82  1971 06
  67    82    48    59    72    29    74    44    74    43    53    84  1971 07
  79    64    44    61    70    38    68    58    59    44    58    86  1971 08
  89    45    37    47    69    28    58    62    47    40    56   100  1971 09
  80    40    41    54    73    24    45    64    22    37    49   101  1971 10
  76    62    49    51    71    26    48    62    16    26    45   102  1971 11
  91    57    68    85    74    30    58    60    27    35    46    98  1971 12
  82    65    76   103    78    23    54    59    45    33    42    86  1971 13
  78    64    71   125    78    32    61    58    60    30    30    84  1971 14
  64    69    72   123    76    20    82    52    72    21    28    89  1971 15
  67    69    79   109    74    36    93    49    64    24    26    89  1971 16
  76    71    79   102    65    40    87    52    80    28    42   111  1971 17
 102    81    76   102    56    40    78    63    85    39    45   117  1971 18
 109    96    64   110    48    28   104    65    73    42    48   108  1971 19
 120    97    53   106    45    35    91    84    60    66    50   102  1971 20
 131   101    58    98    43    35    97   102    62    73    62    89  1971 21
 125   104    55    82    35    38   116   100    69    74    74    88  1971 22
 120   102    51    55    20    49    83   108    61    78    78    88  1971 23
 120   101    51    50    20    58   112    97    36    81    86    91  1971 24
 112    98    48    48    27    69   112    91    30    87    87    88  1971 25
 109    87    50    53    36    88    84    82    26    82    97    76  1971 26
 121    85    55    51    49   103    75    57    40    79   102    75  1971 27
 109    84    52    49    64   106    72    40    56    69   106    65  1971 28
 108          49    45    67   110    70    29    62    62    99    60  1971 29
  95          54    36    68   112    72    21    70    52    84    54  1971 30
 103          54          63          69    21          59          52  1971 31
-------------------------------------------------------------------------------
 91.3  79.0  60.7  71.8  57.5  49.8  81.0  61.4  50.2  51.7  63.2  82.2   Mean
-------------------------------------------------------------------------------
Yearly Mean = 66.6
