                           DAILY SUNSPOT NUMBERS 1941
===============================================================================
 Jan   Feb   Mar   Apr   May   Jun   Jul   Aug   Sep   Oct   Nov   Dec   Yr Day
-------------------------------------------------------------------------------
  43    81    46    35    44    37    76   107    50    44    51    70  1941 01
  45    69    49    26    38    21    73    97    61    30    53    52  1941 02
  45    65    50    21    35    47    79    94    49    31    57    48  1941 03
  54    72    48    23    37    53    62    93    53    33    48    47  1941 04
  75    85    41    20    40    61    47    87    49    34    39    57  1941 05
  74    64    45    11    32    70    53    90    44    42     8    54  1941 06
  54    57    47    38    14    61    53    86    47    43     0    31  1941 07
  51    43    31    43    12    97    47    57    49    48     7    36  1941 08
  58    58    42    51    28   118    59    50    34    41    14    38  1941 09
  32    47    40    51    21    95    62    55    37    32     0    52  1941 10
  46    36    46    59    23    82    31    68    38    39     0    47  1941 11
  28    30    60    46    31    74    25    52    58    43    13    47  1941 12
  25    33    37    41    29    62    23    32    77    43    24    46  1941 13
  24    29    37    30    22    56    12    16    83    38    38    49  1941 14
   8    27    37    17    26    45     8     8    91    48    32    49  1941 15
  16     8    48    16    32    22    23    10   103    58    32    41  1941 16
  22    21    61    31    38    29    34    13   148    66    23    21  1941 17
  29    22    65    29    23    28    56    16   140    63    26     8  1941 18
  16    28    70    25    26    28    49    34   132    60    23     7  1941 19
  32    40    64    18    28    45    60    48    89    49    37     0  1941 20
  34    40    76    20    48    40    65    70    78    45    24     0  1941 21
  49    26    56    20    44    36    62    76    88    34    34     8  1941 22
  43    15    59    36    58    47    84    73    58    52    46     9  1941 23
  40    46    39    34    43    61    99    82    47    42    63     8  1941 24
  45    54    47    36    26    59   103    68    63    44    70    10  1941 25
  61    46    36    45    26    71   113    66    54    52    81    16  1941 26
  56    50    43    34    16    74   123    72    43    63    74    32  1941 27
  65    55    40    43    16    82   107    79    35    54    81    53  1941 28
  85          34    43    15    94   125    64    35    64    84    40  1941 29
  89          17    41    11    98   128    50    43    50    71    36  1941 30
  71          28          31         133    48          50          33  1941 31
-------------------------------------------------------------------------------
 45.6  44.5  46.4  32.8  29.5  59.8  66.9  60.0  65.9  46.3  38.4  33.7   Mean
-------------------------------------------------------------------------------
Yearly Mean = 47.5
