                           DAILY SUNSPOT NUMBERS 1979
===============================================================================
 Jan   Feb   Mar   Apr   May   Jun   Jul   Aug   Sep   Oct   Nov   Dec   Yr Day
-------------------------------------------------------------------------------
 158   116   116   131   108   121   158   115   165   213   224   122  1979 01
 158   113   138   134   106   145   168    96   141   187   157   156  1979 02
 191   138   141   135   103   154   205   121   148   167   155   187  1979 03
 157   123   142   138   112   178   219   110   157   156   172   218  1979 04
 146   134   135   109   113   207   232    93   139   168   166   232  1979 05
 173   146   144    91   122   226   249   104   139   168   203   206  1979 06
 163   144   146    77   148   222   223   110   170   179   240   212  1979 07
 172   142   143    69   157   220   219   132   192   190   280   262  1979 08
 165   139   146    61   162   224   191   115   190   210   279   280  1979 09
 163   137   140    75   145   205   163    92   177   178   302   260  1979 10
 157   137   156    94   148   186   155    84   167   183   295   242  1979 11
 159   138   170   107   158   199   145    87   156   189   248   261  1979 12
 151   152   169   113   163   172   142    91   175   201   183   235  1979 13
 157   163   159   116   203   149   127   112   186   213   218   230  1979 14
 178   161   155   117   207   117   121   135   177   198   186   225  1979 15
 164   159   130   119   187   103   107   115   163   185   166   215  1979 16
 164   160   142   107   184   122   109   124   155   214   238   180  1979 17
 146   162   142    98   148   126   109   143   177   224   172   151  1979 18
 138   166   138    79   109   110   135   176   195   221   174   138  1979 19
 177   181   131    68   107   111   158   187   191   214   153   126  1979 20
 192   171   134    68   114   124   151   218   184   209   124   124  1979 21
 188   155   140    79   121   108   152   216   178   191   116   111  1979 22
 200   127   139    76   117    96   154   206   219   179   142   116  1979 23
 209    99   118    72   119    90   143   203   236   161   162   130  1979 24
 209    88   114    85   124   120   144   201   252   153   155   143  1979 25
 173   108   114   118   123   132   142   182   261   145   141   116  1979 26
 167    97   117   125   118   112   146   189   256   136   115    93  1979 27
 157    95   114   132   110   128   132   174   239   142   119    98  1979 28
 153         123   132   113   124   148   158   235   184    98   121  1979 29
 149         135   120    96   154   150   150   233   190   116   139  1979 30
 130         147         120         144   168         223         135  1979 31
-------------------------------------------------------------------------------
166.6 137.5 138.0 101.5 134.4 149.5 159.4 142.2 188.4 186.2 183.3 176.3   Mean
-------------------------------------------------------------------------------
Yearly Mean = 155.4
