                           DAILY SUNSPOT NUMBERS 1975
===============================================================================
 Jan   Feb   Mar   Apr   May   Jun   Jul   Aug   Sep   Oct   Nov   Dec   Yr Day
-------------------------------------------------------------------------------
  30     0     0     0    26     7    23    37    14    15     0     7  1975 01
  30    18     9     0    33    11    18    36    16     8     0    23  1975 02
  28    27    14     0    34     8    22    46    19     9     7    20  1975 03
  19    27    13     0    32     7    16    78    29    10    18    23  1975 04
  18    20    14     0    30     7    23    93    25     8    22    21  1975 05
  23    26    14     0    20     7    33   104    24    10    27    18  1975 06
  29    34     7     7    14     0    23   102    24     9    30    20  1975 07
  29    29    18    17     0     0    19    89    23    16    33    18  1975 08
  37    22    20    15     0     0    16    83    17    15    30     8  1975 09
  32    18    20     7     8     0    23    80    10     8    26     0  1975 10
  30    13    18     0     0     9    29    72    10     8    30     0  1975 11
  28    18    15     0     0     0    33    45    16    10    24     0  1975 12
  32     9    15     0     0     0    43    52    19    21    22     0  1975 13
  13     8    17     0     7     0    46    34    17    26    29     7  1975 14
  20     8    24     0     7     8    43    31     8    21    28     7  1975 15
  19     8    30     0     8    19    39    26    14    18    28     7  1975 16
  16     0    28     0     0    17    25    19    14    16    30     9  1975 17
  20     0    22     0     8    12    32    16    18    18    33     8  1975 18
  20     0    20     0     0    15    36     8    13    15    36     7  1975 19
  23     7    14     0     0     0    28    22    30    10    35     0  1975 20
  16     8     9     0     0     7    30    23    27     7    31     0  1975 21
  16     0     0     0     8     0    27     7    23     0    23     0  1975 22
  15     0     0     7     8    12    19    14     0     0    12     0  1975 23
   7    12     0     8     7    20    30     8     0     7    11    18  1975 24
   7     9     0     7     0    24    33    11     0     0     9    14  1975 25
   7     0     7     7     0    33    30    16     0     0     7     8  1975 26
   0     0     0    22     7    38    29    18     0     0     0     0  1975 27
   7     0     0    21    13    36    26    10     0     0     0     0  1975 28
   7           0    16     0    23    20    10     0     0     0     0  1975 29
   7           0    20     0    22    27    21     7     0     0     0  1975 30
   0           8           8          34    21           0           0  1975 31
-------------------------------------------------------------------------------
 18.9  11.5  11.5   5.1   9.0  11.4  28.2  39.7  13.9   9.1  19.4   7.8   Mean
-------------------------------------------------------------------------------
Yearly Mean = 15.5
