                           DAILY SUNSPOT NUMBERS 1850
===============================================================================
 Jan   Feb   Mar   Apr   May   Jun   Jul   Aug   Sep   Oct   Nov   Dec   Yr Day
-------------------------------------------------------------------------------
 133   109    93    40    25   100    34    37    81    52    53    64  1850 01
  85    94   106    34   107    60    14    57   126    69    48    57  1850 02
 114   113    97    46    45    42    36    77   105    88    55    30  1850 03
  52    86    67     0    36    70    36    71   107    51    53    60  1850 04
  57    86    94    24    75    80    18    52    86    49    30    40  1850 05
 107    90    84    18    76    98     0    70   104    74     0    25  1850 06
  75    94    65    12    80    69    18    52   106    60    12    54  1850 07
  40    98    76    27    69   100    16    65    98    56    11    46  1850 08
  50   102   168    16    71   132    36    60    86    34    11    29  1850 09
  65    43    98    30    74   133    57    59   106    61    27    50  1850 10
  85    46   111    45   101   147    75    59    74    46    28    72  1850 11
  99    77    65    46    84   129   114    47   118    40    30    75  1850 12
  77    57    69    62    92    67   112    48    78    64    35    77  1850 13
  73   142   117    79    80    51   110    49    58    79    40    80  1850 14
  34    79   105    90    11    51   105    51    76    91    69    72  1850 15
  74    87    96    72    65    56   110    25    52   115    57    64  1850 16
  65    73    75    94    42    60    77    48    71    92    64    60  1850 17
  59   100    67   100    33    56    40    71    92   114    71    70  1850 18
  53   122    70    81    42    80    25    82   114   122    66    85  1850 19
  47   154    90    60    61    63    28    79    87    80    68   101  1850 20
  41    82    75    37    52    50    13    76    60    57    71    82  1850 21
  44   115    60    56    50    43    13    55    91    77    85    89  1850 22
  46    81    55    49    55    40     0    68    75    79   108   100  1850 23
  84    60    70    29    52    37     0    58    72    77   122    70  1850 24
 142    56    85    16    71    76     0    48    83    74    80    27  1850 25
 130    78    86    25    54    52     0    86    87    72    70    58  1850 26
 117    75    88    34    49    51    13    83    85    80    50    48  1850 27
 111   103    49    34    51    42    13    81    74    86    70    52  1850 28
 105          67    32    60    33    25    54    67    54    80    49  1850 29
  99          55    36    80    32    37    60    67    40    80    51  1850 30
  54          58          66          38    82          68          53  1850 31
-------------------------------------------------------------------------------
 78.0  89.4  82.6  44.1  61.6  70.0  39.1  61.6  86.2  71.0  54.8  61.0   Mean
-------------------------------------------------------------------------------
Yearly Mean = 66.6
