                           DAILY SUNSPOT NUMBERS 1889
===============================================================================
 Jan   Feb   Mar   Apr   May   Jun   Jul   Aug   Sep   Oct   Nov   Dec   Yr Day
-------------------------------------------------------------------------------
   0    11    11     4     0     0     3    23    14    11     0     0  1889 01
   0    20     5    12     0     0     0    23    16    11     0     0  1889 02
   0    20     3    16     0     0     0    24    15     3     0     0  1889 03
   0    18     0    12     0     0     0    31     7     6     0     0  1889 04
   0    18     3    13     4     0     0    29    10     0     0     0  1889 05
   0    16    13    13    13     0     0    26    12     0     0     0  1889 06
   0     0    12    13    14     0     0    24    12     0     0     0  1889 07
   0     0    12    13    14     0     0    23    10     0     3     0  1889 08
   2     0    12    13    14     0     0    39     0     6     0     0  1889 09
   0     0    12     9    10     0     0    49     0     8     0     0  1889 10
   0     0    16     4     0     0     0    38     0     2     0     0  1889 11
   0     0    22     4     0     0     7    39     0     0     0     6  1889 12
   0     0    20     4     0     0     7    41     0     0     0     0  1889 13
   0     0    25     0     0     0    16    40     0     0     1     0  1889 14
   0     0    18     0     0     4    19    36     0     0     1     0  1889 15
  15     0    17     0     0     0    21    37     0     4     0     0  1889 16
   8     0     6     0     0    16    19    26     0     7     0     0  1889 17
   0     0     0     0     0    18    19    18     3     3     0     6  1889 18
   0     0     0     0     0    21    21     8     0     0     0    15  1889 19
   0     0     0     0     0    21    22     0     0     0     0    17  1889 20
   0     0     0     0     0    20    17     0     0     0     0    23  1889 21
   0    14     0     0     0     9    12     0     0     0     0    11  1889 22
   0    17     0     0     0    21    12     0     3     0     0     0  1889 23
   0    26     0     0     0    20    12     0     7     3     0     4  1889 24
   0    21     0     0     0    13     3     0    13     0     0    17  1889 25
   0    22     0     0     0    13     5     0    18     0     0    20  1889 26
   0    25     0     0     5    13     0     0    17     0     0    20  1889 27
   0    11     0     0     0     0    18    16    17     0     0    24  1889 28
   0           0     0     0     0    21    16     9     0     0    22  1889 29
   0           0     0     0     4    10    16    12     0     0    14  1889 30
   0           0           0          28    16           0          10  1889 31
-------------------------------------------------------------------------------
  0.8   8.5   6.7   4.3   2.4   6.4   9.4  20.6   6.5   2.1   0.2   6.7   Mean
-------------------------------------------------------------------------------
Yearly Mean = 6.3
