                           DAILY SUNSPOT NUMBERS 1914
===============================================================================
 Jan   Feb   Mar   Apr   May   Jun   Jul   Aug   Sep   Oct   Nov   Dec   Yr Day
-------------------------------------------------------------------------------
  25     0     0    14    29     0    10     0     0     8    11    22  1914 01
   7    13     0    13    25     0     0     0     0    10    12    51  1914 02
  13    11     0    16    19     0     8     0     0     0    19    53  1914 03
  17    18     0    19     7     0     8     0     0     0    17    55  1914 04
   7    10     0    23    14     0     9     0     0     0    16    38  1914 05
   0     8     0    14     7     0     7     0     0     0    12    27  1914 06
   7     7     0    23     7     0    17     0     0     0    33    28  1914 07
   0     0     0    21     0    14    14     0     0     0    26    29  1914 08
  11     0     0    19     0     7     8     0     8     0    27    30  1914 09
   0     0     0    17     0     8     7     0    19    10    20    24  1914 10
   0     0     0     7     0    10    16     0    19     7    13    37  1914 11
   0     0    14     8     0    16    13     0    28     0    13    31  1914 12
   0     0     7    10     0    33     0     7    29     8    25    34  1914 13
   0     0     7    13     0    37     0     7    31     0    14    28  1914 14
   0     0    10     0     0    48     0     7    34     7    16    17  1914 15
   0     0    18     7     0    32     0    13    48     0     0     8  1914 16
   0     0     8     7     0    35    13    25    31     0     0    16  1914 17
   0     7     7     8     0    25     9    23    30     0     9    15  1914 18
   0     0     0    23     0    31     0    22    21     8     9    14  1914 19
   0     0     0    22     0    23     0    26    16    13     8     7  1914 20
   0     0     0    17     9    16     0    17     8    23    14     9  1914 21
   0     0     6    19    19     8     7    19     7    10    19     8  1914 22
   0     0     0    17    11     0     0    20     0    12    14    10  1914 23
   0     0     0     8     8     0     0    16     7    10    27    13  1914 24
   0     0     0    14     0     0     0     7     7    17    14    12  1914 25
   0     0     0    12     0     0     0    14     7    11    17     7  1914 26
   0     0     0    25     0     0     0     0     7    30    14     7  1914 27
   0     0     0    44     0     0     0     0     7    28    14     9  1914 28
   0           0    49     7     0     8     0     7    23    25     7  1914 29
   0           7    31     0     0     7     9     9     7    34    26  1914 30
   0          13           0           7     7          12          20  1914 31
-------------------------------------------------------------------------------
  2.8   2.6   3.1  17.3   5.2  11.4   5.4   7.7  12.7   8.2  16.4  22.3   Mean
-------------------------------------------------------------------------------
Yearly Mean = 9.6
