                           DAILY SUNSPOT NUMBERS 1973
===============================================================================
 Jan   Feb   Mar   Apr   May   Jun   Jul   Aug   Sep   Oct   Nov   Dec   Yr Day
-------------------------------------------------------------------------------
  45    14    40    65    24     8    29    36    89    68    31    46  1973 01
  53    17    38    79    46     8    31    28   124    66    33    24  1973 02
  61    22    35    93    64    16    39    21   130    52    23    24  1973 03
  66    21    32    93    77    14    32    28   121    50    20     0  1973 04
  74    41    22    75    92     7    42    34   108    44     7     0  1973 05
  83    32    32    75    68    16    56    40    84    38     0     0  1973 06
  66    34    38    76    82    37    57    42    77    30     0     0  1973 07
  62    53    50    71    52    41    50    40    72    22     0     7  1973 08
  67    60    53    85    30    31    38    38    75    23     0     8  1973 09
  58    61    67    65    25    38    32    27    58     8     0    16  1973 10
  52    59    69    62    26    60    23    23    42     0     7     9  1973 11
  32    80    85    46    18    58    14     0    22     0     0     9  1973 12
  32    83    93    41     7    52    15     0     0     8     9     8  1973 13
  20    85    83    37     7    54    10     0     0    10    11     8  1973 14
  16    74    73    35    25    48    16     0    13    16    12    17  1973 15
  11    54    64    29    33    45     9     0    26    18    13    26  1973 16
  27    40    52    16    34    36    28     0    20    19    16    40  1973 17
  42    28    44    15    41    18    42     7    16    15    16    43  1973 18
  47    18    38    30    42    38    23     7     8     0    22    41  1973 19
  60    30    23    37    46    51     8     7    30     0    16    47  1973 20
  62    31    20    45    52    75     8    15    39     0    23    51  1973 21
  62    32    30    62    56    66    14    10    48    16    29    51  1973 22
  60    37    37    73    47    54     0    17    58    28    39    47  1973 23
  50    42    29    71    57    51     9    22    63    36    38    51  1973 24
  39    44    27    67    64    49    14    28    74    53    46    53  1973 25
  27    37    23    67    49    46     8    38    78    59    62    57  1973 26
  14    36    32    65    51    43     9    37    78    53    60    26  1973 27
  14    36    43    60    32    42    10    47    80    62    61    12  1973 28
  13          46    54    29    51    17    56    75    65    64     0  1973 29
  16          50    42    21    33    11    64    71    55    59     0  1973 30
  14          59          17          22    82          37           0  1973 31
-------------------------------------------------------------------------------
 43.4  42.9  46.0  57.7  42.4  39.5  23.1  25.6  59.3  30.7  23.9  23.3   Mean
-------------------------------------------------------------------------------
Yearly Mean = 38.0
