                           DAILY SUNSPOT NUMBERS 1869
===============================================================================
 Jan   Feb   Mar   Apr   May   Jun   Jul   Aug   Sep   Oct   Nov   Dec   Yr Day
-------------------------------------------------------------------------------
  91    91    37    34    99   112    77    39    48    88    94   133  1869 01
 109   119    40    14   124   152    58    45    56    65    63   130  1869 02
 111    97    37    13   120   159    55    67    76    73    60   100  1869 03
  91   127    43    22   113   136    42    48    73    91    55    70  1869 04
 106    84    71    29   139   192    75    43   115   110    69    85  1869 05
  69    76    69    10   124   172    75    19    94    94    67   100  1869 06
  62    63    28     0   157   124    70    43   142    93    66   125  1869 07
  55    42    67    13   139   115    62    50   126    66    44   116  1869 08
  45    24    25    25   136   126    54    57   157    69    70    97  1869 09
  40    16    40    31   154   127    45    68   139    62    37    91  1869 10
  46    40    46    39   151   101    14   104    99    65    52   187  1869 11
  84    70    85    48   158    92    10   137    82    52    70   156  1869 12
  89    64   108    42   157    59    31   121    91    70    80   160  1869 13
  84    93   113    61   163    67     0   117    54    70    91    88  1869 14
  83    76    75    42   142    80    25   169    81    85   100   124  1869 15
  74    73    36    45   104    55    57   154    91    88   109   132  1869 16
  57    55    73    40    76    73    99   148   102    54    53   157  1869 17
  41    51    59    66    83    88    64    76    51    73   123   130  1869 18
  26    51    67    47    44    86   108   119    70    34    94   100  1869 19
  30    49    93    34    24    80   142   101    67    34    53    93  1869 20
  34    59    97    66    37   129   110   124    26    34    69   118  1869 21
  20    50    42    36    34   112   106    73    16    34    70    88  1869 22
  19    40    36    16    19   136    71    99    36    56    70    82  1869 23
  20    30    28    18    48   139    67    78    47    37   135    70  1869 24
  51    21    23    18    47   135    16    71    56    19   120    63  1869 25
  34    44    18    54    61   105    33    74    99    19   100    60  1869 26
  37    37    21    61   118    83    73    69    99    19    90    52  1869 27
  52    34    38    86   100    88    58    76    86    19    80    62  1869 28
  67          34   109   121    73    52    34    78    52    70    73  1869 29
  71          49   111   115    55    36    23    62    55    88   112  1869 30
  91          36         115          51    22          59          81  1869 31
-------------------------------------------------------------------------------
 60.9  59.9  52.7  41.0 103.9 108.4  59.2  79.6  80.6  59.3  78.1 104.3   Mean
-------------------------------------------------------------------------------
Yearly Mean = 74.0
