                           DAILY SUNSPOT NUMBERS 1948
===============================================================================
 Jan   Feb   Mar   Apr   May   Jun   Jul   Aug   Sep   Oct   Nov   Dec   Yr Day
-------------------------------------------------------------------------------
 124    78   103   164   125   131   157   193   138   126    85    64  1948 01
 131    76   110   190   128   127   144   190   142   130    93    70  1948 02
 137    79   115   194   130   126   142   198   123   106    93    90  1948 03
 124    90   112   181   141   142   114   199   113    96    88   100  1948 04
 110   107   108   170   203   175   114   191   103    95   112    80  1948 05
 104   106   108   152   238   212    95   208    82    72    88    85  1948 06
 117   116   102   163   247   177   112   175    50    63    96    91  1948 07
 120   101    90   151   280   173   121   150    75    68    74    92  1948 08
 133    79    97   167   283   178   118   130    68    90    79   102  1948 09
 112    98    79   173   305   198   135   117    56   112    84    96  1948 10
  88    90   103   181   288   172   163   115    73   158   107    92  1948 11
  91    81   118   190   307   143   168   110    95   175   110   130  1948 12
  96    59   123   219   270   140   170   115   134   200   127   130  1948 13
 112    45   130   243   230   151   152   120   132   222   102   128  1948 14
 115    63   137   215   192   145   148   138   134   197    85   132  1948 15
 112    67   103   200   174   157   133   165   181   205    83   177  1948 16
 110    96    83   190   144   172   123   193   208   192   118   192  1948 17
  88    96    83   226   116   193   114   184   228   178   123   213  1948 18
 102   103    77   228   130   164   104   193   222   162   147   221  1948 19
  89   121    61   206   108   134   106   196   213   153   141   210  1948 20
 111   106    39   179    99   151   128   218   203   174   123   200  1948 21
 116    89    18   184   104   155   132   190   237   188    97   176  1948 22
 109    88    41   214   102   160   139   163   221   159    90   188  1948 23
 103    71    54   245   115   184   130   159   216   158    90   169  1948 24
 106    74    65   215   128   202   154   136   170   102    96   180  1948 25
 127    76    66   190   111   198   183   135   159   106    80   170  1948 26
 128    64    76   188   126   205   170   121   115   110    68   152  1948 27
 118    80    98   166   132   200   158   132   143   112    71   138  1948 28
  90    98   136   169   160   216   178   100   124   115    65   146  1948 29
  77         166   138   128   152   192   116   141   105    58   140  1948 30
  62         138         151         212   146          95         123  1948 31
-------------------------------------------------------------------------------
108.5  86.1  94.8 189.7 174.0 167.8 142.2 157.9 143.3 136.3  95.8 138.0   Mean
-------------------------------------------------------------------------------
Yearly Mean = 136.3
