                           DAILY SUNSPOT NUMBERS 1891
===============================================================================
 Jan   Feb   Mar   Apr   May   Jun   Jul   Aug   Sep   Oct   Nov   Dec   Yr Day
-------------------------------------------------------------------------------
   3    27    17    19    23    38    77    14    34    61    50    27  1891 01
   0    11     4    19    27    47    65    24    54    64    34    20  1891 02
   0     3     0    16    14    47    54    31    75    73    39    16  1891 03
   0     0     6    16    21    33    33    50    83    91    49    18  1891 04
   0     3     9    17    16    17    28    66   120    77    39    20  1891 05
   0     3    14    16    22    13    32    57   104    75    50    28  1891 06
   4     0    17    16    18    14    44    58   103    91    52    30  1891 07
   4     0    14    11    29    12    52    54    93    88    50    34  1891 08
   0     4    14    18    23    18    71    49    75    89    35    26  1891 09
   0    21     4    16    28    29    82    55    67    64    40    18  1891 10
   0    30    16     0    40    31    87    52    53    64    31    15  1891 11
   0    22     6     5    46    34    89    51    52    46    29     0  1891 12
   0    24     9     7    57    37   103    47    41    39    11    11  1891 13
   0    36    15    21    53    50   112    46    40    37    18    29  1891 14
   3    36    12    20    48    54   106    45    34    39    16    26  1891 15
  12    35    12    23    28    63    80    46    44    52    27    31  1891 16
  12    34    19    22    32    84    72    47    56    43    36     0  1891 17
  22    20    26    27    44    60    68    39    51    42    44    33  1891 18
  40    35    25    15    41    52    76     7    57    35    61    34  1891 19
  29    36    14     0    57    30    82     3    61    31    69    32  1891 20
  19    36     7    13    76    54    82     4    39    29    74    46  1891 21
  17    38    14    29    56    69    61    14    21    36    63    61  1891 22
  17    33    11    22    72    67    63    10    21    50    55    60  1891 23
  20    33    11    40    54    56    46    17    21    51    57    43  1891 24
  20    40     3    33    71    64    16    34    29    33    65    33  1891 25
  31    26     0    26    44    69    20    23    28    28    30    43  1891 26
  46    18     0    38    72    72    28    13    21    43    35    38  1891 27
  34    17     0    41    59    84    30     0    42    29    33    53  1891 28
  38           0    38    31    78    36    16    41    35    40    58  1891 29
  29          11    32    38    72    14    28    55    26    25    69  1891 30
  19          11          35          13    23          37          57  1891 31
-------------------------------------------------------------------------------
 13.5  22.2  10.4  20.5  41.1  48.3  58.8  33.0  53.8  51.5  41.9  32.5   Mean
-------------------------------------------------------------------------------
Yearly Mean = 35.6
