                           DAILY SUNSPOT NUMBERS 1856
===============================================================================
 Jan   Feb   Mar   Apr   May   Jun   Jul   Aug   Sep   Oct   Nov   Dec   Yr Day
-------------------------------------------------------------------------------
   0     0     0     0     0     0     0    11     0     0    18    11  1856 01
   0     0     0     0     0    12     0     0    19     0    22     0  1856 02
   0     0     0     0     0    13    12     0    19     0    11     0  1856 03
   0     0     0     0     0    29    11     0    17     0     0     0  1856 04
   0     0     0     0     0    26     0     0    14     0     0     0  1856 05
   0     0     0     0     0    23     0     0    15     0     0     0  1856 06
   0    14     0     0     0     0     0     0    11     0     0     0  1856 07
   0    14     0     0     0     0     0     0     0     0     0     0  1856 08
   0    16     0    12     0    15     0     0     0     0     0     0  1856 09
   0    15     0    12     0    22     0     0     0     0     0     0  1856 10
   0    12     0    13     0     0     0     0     0    13     0     0  1856 11
   0     0     0    12     0     0     0     0     0    14     0     0  1856 12
   0     0     0    18     0    15     0     0    14    27     0     0  1856 13
   0     0     0    16     0     0     0     0    13    16     0     0  1856 14
   0     0     0    16     0     0     0     0    11     0    12     0  1856 15
   0     0    12    16     0     0     0    11     0     0    18     0  1856 16
   0     0     0    15     0     0     0    12     0    12    15    13  1856 17
   0     0     0    11     0     0     0    11     0     0    14    13  1856 18
  16     0     0    16     0     0     0    11     0     0    11    13  1856 19
   0    12     0    27     0     0     0    11     0     0     0    13  1856 20
   0    15     0    12     0     0     0    11     0     0     0    13  1856 21
   0    15     0     0     0     0     0    13     0     0     0    17  1856 22
   0    15     0     0     0     0    11    26     0     0     0    24  1856 23
   0    15     0     0     0     0    13    23     0     0    11    32  1856 24
   0     0     0     0     0     0    15    11     0     0    11    20  1856 25
   0     0     0     0     0     0    14    11     0     0    18    16  1856 26
   0     0     0     0     0     0    13    11     0     0    23    14  1856 27
   0     0     0     0     0     0    12    11     0    11    23    13  1856 28
   0     0     0     0     0     0    14     0     0    15    14     0  1856 29
   0           0     0     0     0    15     0     0    16    11     0  1856 30
   0           0           0          13     0          16          11  1856 31
-------------------------------------------------------------------------------
  0.5   4.9   0.4   6.5   0.0   5.2   4.6   5.9   4.4   4.5   7.7   7.2   Mean
-------------------------------------------------------------------------------
Yearly Mean = 4.3
