                           DAILY SUNSPOT NUMBERS 1853
===============================================================================
 Jan   Feb   Mar   Apr   May   Jun   Jul   Aug   Sep   Oct   Nov   Dec   Yr Day
-------------------------------------------------------------------------------
  61    41    19    44    41    38     0    32    57    37    32    14  1853 01
  45    28    17    34    27    27    14    44    55    41    33    12  1853 02
  29    16    15    58    31    22    32    53    68    37    30    17  1853 03
  31    16    12    61    26    35    51    44    55    62    27    17  1853 04
  39    24     0    69    21    19    45    33    29    51    25    14  1853 05
  29    35     0    77    16    50    52    62    42    46    25    17  1853 06
  27    44    11    72    14    55    67    51    37    61    25    17  1853 07
  21    41    12    34    22    50    72    55    33    76    24    24  1853 08
  16    38    14    34    13    42    75    63    36    54    22    30  1853 09
  16    35    16    49    23    69    69    67    37    34    22    36  1853 10
  23    36    11    50    35    80    70    88    25    19    34    38  1853 11
  12    54    22    52    25    65    60    76    26    35    39    22  1853 12
  12    44    23    46    26    56    71    74    23    40    44    47  1853 13
  16    56    24    43    32    47    52    37    41    44    25    34  1853 14
  24    68    29    57    35    91    63    27    28    48    23    33  1853 15
  26    63    45    59    39    65    79    24    39    41    27    32  1853 16
  26    54    54    61    39    58    49    32     0    35    28    30  1853 17
  28    60    74    64    30    67    47    27    11    39    30    31  1853 18
  35    58    75    79    35    56    45    39    12    48    34    25  1853 19
  42    85    63    75    47    56    29    44    13    49    27    22  1853 20
  34    42    51    58    48    51    31    43    19    50    20    14  1853 21
  39    56    53    56    71    16    32    36    42    46    29    14  1853 22
  57    44    56    45    46    13    30    66    49    30    38    14  1853 23
  75    44    68    34    30    11    29    68    34    44    37    14  1853 24
  76    40    56    32    49    14    22    68    31    44    36    17  1853 25
  69    37    65    26    59    14    41    53    25    40    23    16  1853 26
  62    26    63    26    54    11    47    67    33    32    27    16  1853 27
  83    16    70     0    34    11    48    49    35    32    31    15  1853 28
  96          47    16    36    11    34    49    36    36    30    15  1853 29
  69          58    17    36     0    35    37    35    31    16    26  1853 30
  55          45          36          32    56          31          53  1853 31
-------------------------------------------------------------------------------
 41.1  42.9  37.7  47.6  34.7  40.0  45.9  50.4  33.5  42.4  28.8  23.4   Mean
-------------------------------------------------------------------------------
Yearly Mean = 39.0
