                           DAILY SUNSPOT NUMBERS 1970
===============================================================================
 Jan   Feb   Mar   Apr   May   Jun   Jul   Aug   Sep   Oct   Nov   Dec   Yr Day
-------------------------------------------------------------------------------
 115   121   137   112   118   102   137    77    98    63    86    91  1970 01
  83    96   129   105   118    92   153    68   104    57    82    78  1970 02
  78    82   113   121   122    64   155    64   110    43    80    78  1970 03
  69    68   107   116   119    63   159    59   115    55    78    76  1970 04
  66    72   107   120   113    59   165    65   120    75    67    88  1970 05
  57    93   103   115   115    57   161    68   133    53    89    90  1970 06
  30   104   111   123    98    58   125    72   136    72    86    91  1970 07
  37   102   118   147    87    61   115    82   125    76    69   100  1970 08
  59   123   120   172    90    60   104    76   116    78    77    96  1970 09
  84   133   125   188   111    92    90    71   103    79    78   110  1970 10
 106   175   103   183   132   122    81    75    82    75    97   120  1970 11
 138   153    88   163   134   138    74    73    76    80    89   110  1970 12
 145   145   104   141   142   153    79    92    73    84   105    90  1970 13
 160   124    84   124   145   165    68    94    76    87   117    85  1970 14
 155   115    65   106   159   168    61   108    75    87   125    84  1970 15
 145   139    48    92   161   153    61   100    68    94   133    68  1970 16
 160   142    29    82   169   148    59    99    65    84   135    63  1970 17
 168   143    41    68   173   134    56   108    75    76   135    79  1970 18
 165   120    48    67   176   105    92   113    98    83   132    95  1970 19
 133   125    93    65   146    99    92   117   114    70   128   104  1970 20
 118   128   115    64   143    96   120   117   129    69   119   101  1970 21
 104   132   122    57   125    96   122   108   109    73   105    97  1970 22
  79   164   135    67   106    87   106   101   104    89    96    85  1970 23
  73   166   140    90   122   102   110   116   129   100    77    66  1970 24
  98   173   142    93   110   126   122   114   114   111    62    75  1970 25
 123   143   122    81   125   127   138   109   107   117    65    64  1970 26
 130   150   115    88   126   114   153    91    87   142    74    53  1970 27
 156   146   110   106   106   113   146   101    85   131    89    50  1970 28
 154         103   112   118   124   153   114    81   139    78    59  1970 29
 138         111   116   116   127   122   120    77   126   103    74  1970 30
 131         101         127         108   111         117          68  1970 31
-------------------------------------------------------------------------------
111.5 127.8 102.9 109.5 127.5 106.8 112.5  93.0  99.5  86.6  95.2  83.5   Mean
-------------------------------------------------------------------------------
Yearly Mean = 104.5
