                           DAILY SUNSPOT NUMBERS 1873
===============================================================================
 Jan   Feb   Mar   Apr   May   Jun   Jul   Aug   Sep   Oct   Nov   Dec   Yr Day
-------------------------------------------------------------------------------
 161    89   100    79    90    97    76    76    82    67    16    16  1873 01
  87    96    84   106    73    73    97   111    58    82     0    34  1873 02
 117   112    96    88    57    90    78   109    42    73    21    49  1873 03
 100   111   121    57    55    75    94    88    42    81    37    38  1873 04
 111    97   146    81    54    60    81    78    69    55    52    54  1873 05
  87    69   163    81    67    78    64    60    52    51    71    55  1873 06
  69    69   166    52    67    70    60    76    45    69    58    60  1873 07
  58    87   175    51    34    52    37    51    39    62    72    60  1873 08
  41    99   139    67    34    36    39    36    43    62    93    56  1873 09
  51    83   121    70    36    36    19    36    37    54    91    60  1873 10
  51   135   115    97    52    16    34    19    18    37    91    63  1873 11
  85    97   124   104    33     0    34    19    16    36    73    63  1873 12
 103   109   115    91    36     0    37    19    16    39   106    56  1873 13
 111   133    81    87    36     0    43    34    33    49   108    38  1873 14
 111    84    82    82    34     0    36    51    51    65    99    38  1873 15
  92   112    49    76    16     0    16    51    42    70    97    19  1873 16
  85   148    27    76    34     0    58    49    37    47    85    19  1873 17
  52   144    46    61    16     0    73    36    43    46    77    19  1873 18
  55   168    38    60     0    33    34    55    58    17    66     0  1873 19
  63   121    60    16     0    51    18    75    51     0    60    40  1873 20
  52   111    73    34     0    34    37    75    54    16    71    40  1873 21
  55   109    73    69     0    34    37    75    39    16    54    38  1873 22
  72   144    61    57    16    34    85    81    42    33    54    42  1873 23
  73   138    81    81    36    51   115    78    72    34     8    46  1873 24
  99   103    85    95    76    52   127    93    72    29    16    85  1873 25
 103    81   103    79    79    69   130    89    70    76    10    87  1873 26
 124    57   121    99    67    69   108    81    57    76    16    70  1873 27
  96    90   102    99    64    67   142    97    40    64    10    85  1873 28
  88          94    96    84    94   102   102    46    25    34    76  1873 29
  81          91    94   120    73    75    96    48    22    16    67  1873 30
 154         115         118          87   118           7          51  1873 31
-------------------------------------------------------------------------------
 86.7 107.0  98.3  76.2  47.9  44.8  66.9  68.2  47.1  47.1  55.4  49.2   Mean
-------------------------------------------------------------------------------
Yearly Mean = 66.2
