                           DAILY SUNSPOT NUMBERS 1900
===============================================================================
 Jan   Feb   Mar   Apr   May   Jun   Jul   Aug   Sep   Oct   Nov   Dec   Yr Day
-------------------------------------------------------------------------------
   7    11     0    11    40    21     8     0     8     0     1     0  1900 01
   7     8     7    12    51    12     7     0    14     7    14     0  1900 02
   2     7    12    13    52    12    14     0    17     0     0     0  1900 03
   0    43    16    11    39     2     9     0    16     0     0     0  1900 04
   0    37     9    13    35     1     0     0    19     0     0     0  1900 05
   0    49    37     7    25     0     0     0    29     0     0     0  1900 06
   0    43    30    13    10     0     0     5    21     9     0     0  1900 07
   0    39    17     8     1     0     0     9    22    17     0     0  1900 08
   0    52    20     8     0     0     0    13    22    13     0     0  1900 09
   0    30    13     7     0     0     0    19    23    21     0     0  1900 10
   0    19     7     7     0     0     0    25     7    14     0     0  1900 11
  13    24     0    10     0     0     0    26    15     9     0     0  1900 12
  31     7     0    10     0     0     0    19     7     7     7     0  1900 13
  27     6     0     7     9     3     7     7     0     0     8     0  1900 14
  16     7     0     7    10     9    18     0     8     0     7     0  1900 15
  23     0     0     0     0    15    22     0     7    10     7     0  1900 16
  13     0     0     0     0    17    16     0     0    15    12     0  1900 17
   9     0     0     0     0    24    22     0     0    24    11     0  1900 18
   7     0     0     7     2    25    30     0     0    28    19     0  1900 19
   7     0     0     7     1    29    20     0     0    31    10     0  1900 20
   0     0     0     7    10    39    16     0     0    35    14     0  1900 21
   0     0     0     7    14    29    25     0     0    36    10     0  1900 22
   7     0     0    15    15    20    14     0     0    31     7     0  1900 23
  10     0     0    17    15    19    16     0     7    19     8     0  1900 24
  12     0     7    35    14    17     7     0     0    24     0     0  1900 25
  25     0    10    31    13     8     7     0     0     9     0     7  1900 26
  17     0     7    39    27     0     0     0     7     9     0     2  1900 27
  18     0     8    52    25     9     0     1     0    14     0     0  1900 28
  12     0    17    68    12    24     0     0     0    12     0     0  1900 29
  16          25    51    26    28     0     8     0     7     0     0  1900 30
  11          24          24           0     0           0           0  1900 31
-------------------------------------------------------------------------------
  9.4  13.6   8.6  16.0  15.2  12.1   8.3   4.3   8.3  12.9   4.5   0.3   Mean
-------------------------------------------------------------------------------
Yearly Mean = 9.5
