                           DAILY SUNSPOT NUMBERS 1844
===============================================================================
 Jan   Feb   Mar   Apr   May   Jun   Jul   Aug   Sep   Oct   Nov   Dec   Yr Day
-------------------------------------------------------------------------------
  14    29    14     0    17    34    17    77     0     0     0    17  1844 01
  15           0     0    20    17    17    56     0     0     0    31  1844 02
  14    22     0     0           0    19    71     0     0          41  1844 03
  14          14     0    14     0    20           0     0    17    36  1844 04
   0    31     0     0    14     0    17    59     0    14          31  1844 05
   0    16    16     0           0    31    59     0    17              1844 06
   0    17    16    14    15     0    35    35     0    25     0     0  1844 07
   0     0          14    14     0    39    35     0    21     0        1844 08
   0    14    19    14    14     0    41    30     0    21     0    16  1844 09
   0    14          15     0     0    39    14    20    46     0    14  1844 10
  15     0          15     0     0          14    22          24     0  1844 11
  16     0    17           0     0    20     0    22    65           0  1844 12
  16    15          19     0     0     0     0    24    79           0  1844 13
  14          17    15     0     0     0     0                35        1844 14
  14     0    22     0     0     0     0     0    39          30        1844 15
  14     0    17    20     0     0     0    15          57    21    36  1844 16
         0    20          22     0     0    17    32    64              1844 17
         0          52    19     0     0    25    29                    1844 18
         0          59    17     0     0           0                30  1844 19
  14    40          40    21     0     0                40              1844 20
        32    14    44           0    17    30     0    21     0    34  1844 21
              14    20    16     0    14    30     0    19     0    47  1844 22
  16    31          20    15     0     0    22     0    17     0    25  1844 23
   0          17    46    14    14     0    22     0    17          30  1844 24
        31    36    39    14    14     0    21     0                    1844 25
   0          32    19    15          14    21     0    15     0    15  1844 26
   0                36           0          15     0     0          14  1844 27
   0    17          32           0    46     0     0     0          15  1844 28
  24    15     0    19          14    60     0     0     0    45        1844 29
  27           0    30    14    15    82     0     0     0              1844 30
               0          15          86     0           0              1844 31
-------------------------------------------------------------------------------
  9.4  14.7  13.6  20.8  11.6   3.7  21.2  23.9   7.0  21.5  10.7  21.6   Mean
-------------------------------------------------------------------------------
Yearly Mean = 15.0
