                           DAILY SUNSPOT NUMBERS 1870
===============================================================================
 Jan   Feb   Mar   Apr   May   Jun   Jul   Aug   Sep   Oct   Nov   Dec   Yr Day
-------------------------------------------------------------------------------
  88    94   143   192   139   124   205   157   278   136   115   144  1870 01
  88    89   195   190   131   130   157   112   216   133   172   108  1870 02
  87   119   150   196   139   127   151   112   189   148   195   211  1870 03
  85    94   163   202   139    91   148   118   166   133   212   208  1870 04
  79   147   204   205   163    91   151   112   141   130   187   217  1870 05
  79   115   169   217   178   119    94   139   133    91   240   196  1870 06
  76   100   187   235   156    82   133    97   103   109   159   178  1870 07
  55   108   109   256   176    79   145    70    46   103   255   191  1870 08
  94   100   152   241   145    99   130    70    38   129   242   154  1870 09
  76    99   135   165   188    81   130    70    55   124   187   198  1870 10
 121   139   136   163   186    76   148    79    32   130   155   172  1870 11
  82    95   139   118   198   109   136   121    49   142   193   150  1870 12
  86   102   136   130   193    94   169    94    49   178   174   142  1870 13
  58   190   130   169   232   112   184   119    81   187   183   176  1870 14
 100   141   176   109   222    91   181   118    76   141   178   160  1870 15
  90   166   164    70   226   111   169   151    85   205   178   160  1870 16
  79   190   150    79   214   100   141   151    88   220   151   162  1870 17
  79   181   130    88   247   130   133   124   163   184   118   109  1870 18
  78   163   115    88   231   184   133   109   148   151   109   178  1870 19
  77   156   142   115   237   204   139    94   196   174   127   146  1870 20
  76   110   126   154   211   181   142   114   187   196    98    99  1870 21
  76    82   136   190   162   208    88   118   196   166   103    80  1870 22
  74    67   144   172   154   196    85   145   181   142    97    22  1870 23
  75    52   157   166   139   172   103   145   178   154   100    40  1870 24
  61    50   187   157   142   166   121   246   194   145    76    44  1870 25
  61    55   180   160   181   194   118   317   187   121    55    35  1870 26
  60    76   180   154   139   178   133   312   184   130    73    51  1870 27
  58   138   183   141   151   163    83   288   172   135    68    57  1870 28
  82         188   126   184   178    79   311   150   157   103    69  1870 29
  54         189   151   145   199    85   284   118   112   123    91  1870 30
  61         189         109          90   271         132          81  1870 31
-------------------------------------------------------------------------------
 77.3 114.9 157.6 160.0 176.0 135.6 132.4 153.8 136.0 146.4 147.5 130.0   Mean
-------------------------------------------------------------------------------
Yearly Mean = 139.0
