                           DAILY SUNSPOT NUMBERS 1940
===============================================================================
 Jan   Feb   Mar   Apr   May   Jun   Jul   Aug   Sep   Oct   Nov   Dec   Yr Day
-------------------------------------------------------------------------------
  39    58    91    85    26    38    91    69   130    38    41    27  1940 01
  37    59    74    80    28    41    67    60   112    33    41    17  1940 02
  42    58    96    65    23    77    77    67   127    29    67    29  1940 03
  69    52   116    46    25    80    47   105    97    32    61    45  1940 04
  66    55    92    62    19    58    56   103    91    35    67    66  1940 05
  61    47    81    58    21    95    44   111    89    44    43    68  1940 06
  49    63    77    64    22    94    56   121    68    57    56    89  1940 07
  38    64    72    56    32   106    68   119    62    60    67    82  1940 08
  47    82    46    41    31   103    97   129    42    53    76   108  1940 09
  41    65    47    59    34   107   122   148    49    57    63   142  1940 10
  50    41    48    50    36   109   125   128    40    70    60   157  1940 11
  29    69    76    53    53    94   126   124    38    77    66   135  1940 12
  34    62    74    53    62   104   101   162    37    72    99   158  1940 13
  61    89    76    60    93    76    76   128    41    66    70   149  1940 14
  47    78    49    74    91    82    62   110    32    70    92   100  1940 15
  61    73    70    65    85    59    74    98    50    71   100    79  1940 16
  52    51    43    65    77    55    60   109    56    59    88    67  1940 17
  64    50    56    59    63    51    62   114    79    71    87    60  1940 18
  59    52    78    71    69    46    66    97   100    61    65    29  1940 19
  88    65    79    79    61    38    67   126    98    67    47    37  1940 20
  71    60    85    94    71    58    52   124   106    64    34    37  1940 21
  50    59    92    83    86    61    58   126    93    74    16    38  1940 22
  52    44   111    63    85    83    34   116    66    68    25    27  1940 23
  34    40   115    64    67   113    34    94    61    41    41    58  1940 24
  30    44   101    56    76   108    48    84    53    45    56    51  1940 25
  49    51   108    50    57   136    37    71    35    53    53    47  1940 26
  50    52   136    62    61   117    50    75    26    52    52    38  1940 27
  43    46   125    38    62   120    59    76    37    52    46    34  1940 28
  45    95    98    32    62   104    53    89    38    46    42    55  1940 29
  50          86    35    53   103    58    89    41    49    31    49  1940 30
  56          85          54          66    99          38          38  1940 31
-------------------------------------------------------------------------------
 50.5  59.4  83.3  60.7  54.4  83.9  67.5 105.5  66.5  55.0  58.4  68.3   Mean
-------------------------------------------------------------------------------
Yearly Mean = 67.8
