                           DAILY SUNSPOT NUMBERS 1818
===============================================================================
 Jan   Feb   Mar   Apr   May   Jun   Jul   Aug   Sep   Oct   Nov   Dec   Yr Day
-------------------------------------------------------------------------------
                          38    75    34          14    10              1818 01
                          44    60    11    28    13    10              1818 02
        10                52    51    13    17    24    11    25    14  1818 03
                    11          52    34    10    15    15          15  1818 04
        12          33    12    32    43    10                10    15  1818 05
        15    17    23    43    25          13          24           0  1818 06
                                10    21    19    54    36              1818 07
  39                23    24    21    15    38    52    68              1818 08
        52          36    36    20    12    35    32    94    24        1818 09
              29    37    37    22    20    40    24    26              1818 10
                    40    28          27                            23  1818 11
                    31    30                42                      18  1818 12
  22   115          26    32                44    20    24              1818 13
        44    19    28    33    10    35          20    98     0        1818 14
        49    15    41    45    10    32          24           0     0  1818 15
        17    28    49          10          51    25           0        1818 16
  46                                  22                65    10     0  1818 17
  59          26    39          17    25    32          19    13        1818 18
  63     0     0    32    62    40          34          11          33  1818 19
               0          44    40    16          18    10    10        1818 20
         0    51                54                      10    15        1818 21
                          32    50          36          10    14        1818 22
         0    31          47    42    31    52    62                50  1818 23
              48    17    40    31    46          16    33          63  1818 24
  15     0          26    75                59    20    27    10        1818 25
         0          52    79    39    38          26                    1818 26
         0    34    55    75    44    52                31          64  1818 27
  23          29    49   119    45    30                30              1818 28
  12          29    39   121    58          46    10    34              1818 29
                    38   100    53    31    10                          1818 30
                          79                14                      41  1818 31
-------------------------------------------------------------------------------
 34.9  22.4  25.4  34.5  53.1  36.4  28.0  31.5  26.1  31.6  10.9  25.8   Mean
-------------------------------------------------------------------------------
Yearly Mean = 30.1
