                           DAILY SUNSPOT NUMBERS 1911
===============================================================================
 Jan   Feb   Mar   Apr   May   Jun   Jul   Aug   Sep   Oct   Nov   Dec   Yr Day
-------------------------------------------------------------------------------
   0     0    14    28    15     7     7     0     9     0    13    12  1911 01
   0     0    13    40    21    15    17     0    11     7     8     7  1911 02
   7     0    29    42    20     7     7     0    11    17     7     0  1911 03
  10     0    26    35    20     7    10     0    20    10     7     0  1911 04
  12     0    18    43    25     7     0     7    19     9     0     0  1911 05
   8     0    18    31    18     0     0     7    14    10     0     0  1911 06
  11     0    16    17    23     0     0    10    11     8     0     0  1911 07
   8     0     7    14    19     0     0     8    11     7     0     0  1911 08
   7     0    14    16    18     0     0    10     8     0     0     0  1911 09
   8    20    14    13     0     0     0     9     7     0     0     0  1911 10
   8    13    15     7     0     0     8     7     0     7     7     0  1911 11
   7    23     7     7     0     0     7     7     0     7     7     0  1911 12
  10    17     0     7     0     0    10     7     0     0     0     0  1911 13
   8    22     0     7     0     0    11    14     0     0     0     0  1911 14
   0    24     0     7     0     0    11    16     0     0     0     0  1911 15
   0    23     0     0     0     0     8     7     0     0     0     0  1911 16
   0    20     0     0     0     0     0     8     0     0     0     0  1911 17
   0    19     0     0     0     0     0     0     0     0     0     0  1911 18
   0    14     0     0     0     0     0     0     0     0     0     0  1911 19
   0    14     0     0     7     0     0     7     0     0     0    12  1911 20
   0     7     0     7     7     0     0     0     0     0     0     8  1911 21
   0     0     0    13     7     0     0     0     0     0     8     8  1911 22
   0     0     0    16     7     8     0     0     0     0     7    11  1911 23
   0     0     7    16     0     0     0     0     0     0    12     7  1911 24
   0     0     0    22     7     0     7     0     0     0     8     0  1911 25
   0     7     0    27    11     0     7     0     0     0     8     0  1911 26
   0    13     0    23    13     0     0     0     0     0     7     0  1911 27
   0    17     8    16    12     0     0     0     0     0     7     0  1911 28
   0          10    26    10     8     0     0     0     0     8     4  1911 29
   0          11    15    10     8     0     0     0     0    11     0  1911 30
   0          15          10           0     0           0           0  1911 31
-------------------------------------------------------------------------------
  3.4   9.0   7.8  16.5   9.0   2.2   3.5   4.0   4.0   2.6   4.2   2.2   Mean
-------------------------------------------------------------------------------
Yearly Mean = 5.7
