                           DAILY SUNSPOT NUMBERS 1896
===============================================================================
 Jan   Feb   Mar   Apr   May   Jun   Jul   Aug   Sep   Oct   Nov   Dec   Yr Day
-------------------------------------------------------------------------------
  49    59    89    84    29    56    34    10    49    16    24    29  1896 01
  35    55    66   112    25    60    40    18    27    14    16    47  1896 02
  38    56   110    93    28    61    29    19    21    17    27    46  1896 03
  35    56    86   113    29    33    37    17    18    10    38    32  1896 04
  51    51    74    93    35    31    43    15    28     0    30    65  1896 05
  55    50    69    76    25    32    42    10    22    14    23    58  1896 06
  35    42    51    65    20    25    52     0    36     7    35    54  1896 07
  36    62    50    56    34    17    41     0    52    16    41    45  1896 08
  16    32    30    59    21    41    40    13    77     7    60    61  1896 09
   7    32    37    45    17    60    40    23    82    21    73    49  1896 10
   7    26    16    46    25    76    39    16    95    25    74    31  1896 11
  11    34    26    21    21    79    34    20   113    26    84    34  1896 12
  33    43    26    12    29    89    68    26    93    20    79    30  1896 13
   7    64    34     7    20    59    83    25   104    28    93    27  1896 14
  14    38    47     0    14    70    54    29   104    21    46    39  1896 15
  13    27    14     0     0    56    55    45   117    25    42    10  1896 16
  14    12    14     0    14    53    63    39   109    44    46    44  1896 17
  13    17    29    13    16    40    72    36   116    62    30    41  1896 18
  21    30    34    13    17    16    82    48    87    69    16    55  1896 19
  21    50    54    31    27    14    76    40   103    50    11    33  1896 20
  22    55    37    37    24    24    81    36    80    46    33    64  1896 21
  14    97    53    39    26    48    50    40    55    57    29    48  1896 22
  25   121    65    41    16    64    54    40    47    48    27    39  1896 23
  20   107    83    30    11    79    37    33    55    47    24    30  1896 24
  20    76    76    43    17    67    37    31    35    41    16    44  1896 25
  35   106    65    46    33    69    33    25    24    34    25    40  1896 26
  52    88    30    44    47    52    19    26    14    36    23    40  1896 27
  55    94    41    41    67    40    19    23    25    29    26    49  1896 28
  46    85    36    22    61    29    20    31    26    16    18    47  1896 29
  50          68    31    61    30    12    60    26    25    31    59  1896 30
  49         101          49          10    50          19          30  1896 31
-------------------------------------------------------------------------------
 29.0  57.4  52.0  43.8  27.7  49.0  45.0  27.2  61.3  28.7  38.0  42.6   Mean
-------------------------------------------------------------------------------
Yearly Mean = 41.8
