                           DAILY SUNSPOT NUMBERS 1959
===============================================================================
 Jan   Feb   Mar   Apr   May   Jun   Jul   Aug   Sep   Oct   Nov   Dec   Yr Day
-------------------------------------------------------------------------------
 221   141   158   243   120   152   147   194   290    65   136   170  1959 01
 225   141   151   242   112   133   118   210   256    76   121   165  1959 02
 229   140   151   174   113   152   138   213   202    89    97   160  1959 03
 231   137   146   159   105   166   158   225   161   101   103   163  1959 04
 243   128   152   124   112   162   136   212   148   115    91   142  1959 05
 238   114   148   108   138   180   127   207   152   128    98   147  1959 06
 247   124   150   107   156   181   120   179   135   130   114   141  1959 07
 246    90   155   136   188   192   131   175   136   115   131   145  1959 08
 245    87   164   161   238   188   129   170   157   103   136    94  1959 09
 224   100   156   177   262   160   127   155   141    91   142    89  1959 10
 218   100   148   197   287   172   133   180   155    87   153    82  1959 11
 203   101   126   189   276   176   135   160   170    81   154    75  1959 12
 192   106   159   178   257   165   160   125   148    78   149    73  1959 13
 128   129   173   193   227   170   180   139   151   102   137    88  1959 14
 120   133   216   174   204   158   176   144   161    96   127   123  1959 15
 143   144   225   153   182   172   190   157   130   116   113   113  1959 16
 168   170   228   126   187   161   193   166    87   107    83   107  1959 17
 179   170   230   114   198   174   195   174   100   116    73   117  1959 18
 202   175   234   117   185   182   184   182   120   111    69   134  1959 19
 240   160   238   135   187   173   160   180   149   108    65   133  1959 20
 255   163   230   128   151   162   132   200   143   111    70   131  1959 21
 278   171   208   138   145   170    94   204   157   129   110   126  1959 22
 270   186   194   186   149   188   113   205   143   135   131   122  1959 23
 261   190   178   186   143   157   108   217   155   143   151   116  1959 24
 255   181   199   203   178   180   118   212   132   137   162   121  1959 25
 252   176   190   204   188   184   134   220   110   126   161   124  1959 26
 263   163   178   175   177   186   156   231   102   128   157   132  1959 27
 239   186   173   172   132   160   181   274    91   129   151   127  1959 28
 213         217   160    99   158   182   301    87   129   161   136  1959 29
 167         233   141   106   147   193   292    86   131   175   127  1959 30
 143         248         131         190   284         141         153  1959 31
-------------------------------------------------------------------------------
217.4 143.1 185.7 163.3 172.0 168.7 149.6 199.6 145.2 111.4 124.0 125.0   Mean
-------------------------------------------------------------------------------
Yearly Mean = 159.0
