                           DAILY SUNSPOT NUMBERS 1953
===============================================================================
 Jan   Feb   Mar   Apr   May   Jun   Jul   Aug   Sep   Oct   Nov   Dec   Yr Day
-------------------------------------------------------------------------------
  16     0     0    43    46    15     0     0     7     7    12     0  1953 01
  15     7     0    49    40    28     7     7     0     0    11     0  1953 02
  20     8     0    50    35    23     7    12     7     7    10     0  1953 03
  24     8     0    57    26    51     0    12     7     7     9     0  1953 04
  24     8    14    35     9    35     0    11     7     7     0     0  1953 05
  35    10     0    35     8    32     7    10    14    13     0     0  1953 06
  34    14     7    38     8    36     7    16     9    13     0     9  1953 07
  45     8     0    43     0    30     0    12    24    14     0     0  1953 08
  50    14     0    30     0    28     9    29    23    12     0     0  1953 09
  55    13     0    21     0    26    18    48    28    10     0     0  1953 10
  59    13     0    12     0    18    20    73    28     9     0     0  1953 11
  59     7     0     0     0     8    16    77    30    14     0     0  1953 12
  60     0     7     0     0     7    23    73    18    14     0     0  1953 13
  62     0    15     0     0    13    24    65    29    29     0     0  1953 14
  60     0     8     0     0    24    38    62    41    23     0     0  1953 15
  46     0     7     0     7    33    20    54    42    17     0     0  1953 16
  37     0     0     0     8    33    17    47    38     9     0     0  1953 17
  30     0     8     7    14    20    21    31    38     0     0     0  1953 18
  25     0    10     7    10    25    11    26    34     0     0     0  1953 19
  17     0     8     0    10    26     8    24    21     0     7     0  1953 20
  14     0    10     0    11    22    14    17    25     7     0     7  1953 21
  18     0    10     9    11    20     0    15    16     0     0     0  1953 22
   8     0    10    27    11    12     0     8     9     0     0     0  1953 23
   8     0     9    33    13    12     0     0    15     7     0     8  1953 24
   0     0     9    45    18    15     0     0    18     0     0     9  1953 25
   0     0     7    57    11    20     0     0    21    12     0     9  1953 26
   0     0    17    66    10    21     0     0     7     9     0    11  1953 27
   0     0    25    63    18     7     0     0     8     7     0    10  1953 28
   0          32    57    24     8     0     0     7     0     0     9  1953 29
   0          47    49    20     7     0     0     7     0     0     7  1953 30
   0          50          19           0     0           7           0  1953 31
-------------------------------------------------------------------------------
 26.5   3.9  10.0  27.8  12.5  21.8   8.6  23.5  19.3   8.2   1.6   2.5   Mean
-------------------------------------------------------------------------------
Yearly Mean = 13.9
