                           DAILY SUNSPOT NUMBERS 1949
===============================================================================
 Jan   Feb   Mar   Apr   May   Jun   Jul   Aug   Sep   Oct   Nov   Dec   Yr Day
-------------------------------------------------------------------------------
 108   135   150   148    82   121   156   150   165    73   120   170  1949 01
  99   149   160   155    85   125   124   156   163   115   125   158  1949 02
  86   179   144   152   121   116   138   120   168   150   120   145  1949 03
  88   199   158   176   122   119   100   108   170   196   122   125  1949 04
  75   206   168   176   139   120    67   103   166   194   135   106  1949 05
  87   218   172   145   141   125    79    80   172   222   125    97  1949 06
  91   220   180   147   132   100    86    58   170   190   128   124  1949 07
  94   193   172   151   118   108    61    50   160   190   135   120  1949 08
 112   190   162   144   114    83    57    45   153   180   157   122  1949 09
 118   180   152   139   103    85    52    34   160   166   128   124  1949 10
 109   186   156   104   104   102    59    17   170   183   130   137  1949 11
 113   200   180   126    72    86    95    56   167   198   133   143  1949 12
 122   222   178   130    60   119   107    82   163   182   143   148  1949 13
 123   212   168   141    56   114    91   102   160   145   158   105  1949 14
 118   221   172   150    69    85   113   148   162   150   128   107  1949 15
 140   224   175   130    80   103   113   163   142   145   136   106  1949 16
 145   218   182   160   111    86   105   164   174   125   167    96  1949 17
 157   222   196   154   111    85   109   158   205    77   172   102  1949 18
 177   220   197   158   110    76   136   155   170    58   149   112  1949 19
 169   190   210   160   105    83   144   173   164    73   134    88  1949 20
 167   157   221   160   100    92   142   140   130    77   160    92  1949 21
 153   133   169   155   111   115   150   190   144   113   140   110  1949 22
 155   135   153   177   119   139   171   177   138   118   122   103  1949 23
 149   140   126   185   140   137   182   158   122   106   156   119  1949 24
 145   137   112   177   120   116   187   148   131    95   143   140  1949 25
 128   126   110   160   103   164   164   155   106    71   150   129  1949 26
  90   140   114   130   114   197   182   160    88    83   170   107  1949 27
  86   152   112   122    98   220   164   152    79    88   152   114  1949 28
  80          90   112   119   224   185   145    50   104   188   101  1949 29
  90         122    85   120   206   185   133    47   120   180    90  1949 30
 119         120         112         196   158          92         105  1949 31
-------------------------------------------------------------------------------
119.1 182.3 157.5 147.0 106.2 121.7 125.8 123.8 145.3 131.6 143.5 117.6   Mean
-------------------------------------------------------------------------------
Yearly Mean = 134.7
