                           DAILY SUNSPOT NUMBERS 1883
===============================================================================
 Jan   Feb   Mar   Apr   May   Jun   Jul   Aug   Sep   Oct   Nov   Dec   Yr Day
-------------------------------------------------------------------------------
  96    40    24    51    20    35    72    39    92    12    99    51  1883 01
  91    67    12    76    30    58    62    31    88    23   120    47  1883 02
  99    45    16    89    40    68    62    17   110    28   119    36  1883 03
  96    34     4    92    32   100    57    18    96    36   133     9  1883 04
  99    36     0    97    16   107    42    27    64    36    79    15  1883 05
  87    55     3    93    31    96    39    16    52    51    98    19  1883 06
  69    73    12    81    35   107    40    16    56    69    74    28  1883 07
  27    89    25    93    47   115    24    20    60    90    72    29  1883 08
  34    74    21    73    60   114    24    33    59    99    54    54  1883 09
  49    67    31    50    59    53    39    35    54   129    44    77  1883 10
  48    75    36    61    51    49    53    35    70   157    52    81  1883 11
  29    81    57    84    55    43    79    70    82   152    59    92  1883 12
  35    75    70    90    51    45    93    54   104   156    88    94  1883 13
  44    62    47   112    51    38    79    39    84   133    95   101  1883 14
  78    60    46   114    60    49    93    36    75   133    79    65  1883 15
  65    59    69   108    41    39   115    52    52   134   109    86  1883 16
  64    56    46   110    45    66   109    63    63   120   133    78  1883 17
  64    40    54   102    57    53   127    54    61    86   123    89  1883 18
  63    39    48   100    38    61   126    56    57    53   116    69  1883 19
  53    35    46    78    30    75   145    41    35    55   103    92  1883 20
  72    24    57    81    25    85   138    47    19    59   100   122  1883 21
  79    26    54    90     7    73   129    48    20    54   107   127  1883 22
  72     0    62    83    27    89   144    41    22    59    86   120  1883 23
  57     9    66    83    13    82   130    43    14    62    93   120  1883 24
  42    21    78    66    17   101   113    40     0    58    75   120  1883 25
  36    20    52    78     4    92   110    62     7    76    36   111  1883 26
  52    33    57    75     0   103    75    56    19    82    55    84  1883 27
  49    19    35    63     4   102    47    77    22   100    36    89  1883 28
  48          50    66     4    99    35    68    23    98    57    90  1883 29
  29          71    23     7    93    56    95    19    95    40    82  1883 30
  53          77          19          42    97         102          77  1883 31
-------------------------------------------------------------------------------
 60.6  46.9  42.8  82.1  31.5  76.3  80.6  46.0  52.6  83.8  84.5  75.9   Mean
-------------------------------------------------------------------------------
Yearly Mean = 63.7
