                           DAILY SUNSPOT NUMBERS 1932
===============================================================================
 Jan   Feb   Mar   Apr   May   Jun   Jul   Aug   Sep   Oct   Nov   Dec   Yr Day
-------------------------------------------------------------------------------
  13    19    34     8     8     8    21     9     7     7     7    18  1932 01
  26    16    46     8     0     0    24    11     7     7    10    13  1932 02
  14    17    37    16     0    10    26     9     7     7    13    13  1932 03
   8     8    24     9     0    12    31    10     0     0    12    10  1932 04
   8     8    22     0     0    12    34    10     0     0     0     8  1932 05
   0     8    22     0     0    23    21     9     0     8     0     8  1932 06
   0     7    16     0     8    33    14     8     0     7     0    10  1932 07
   3     7    10     0    12    39    15     8     0     0     0    11  1932 08
   0     0    10     0    14    31    11     0     0     0     0    13  1932 09
   7     9     8     0     8    31    10     0     0     0     7    13  1932 10
   0     9     0     0     9    32     9     8     0     0     9    15  1932 11
   0     7     0     0     9    11     8     0    14     7     9    22  1932 12
   0     0     0     0     8     8     9     0     7     8     9    23  1932 13
   5     0     0     0    25     8     0     0     0     7    10    16  1932 14
  10     0     0     8    38     8     0     0     0     8     9    15  1932 15
  15     0     0     8    35    16     0     0     0     8     0    13  1932 16
  12     0     9     9    41    16     0     0     0     8    13    18  1932 17
   8     0    12     8    40    21     8     0     0    15    23    20  1932 18
   7     0     9     0    27    28     0     0     8    21    27    19  1932 19
   0     0     7     0    38    26     8     0     0    29    31    16  1932 20
   8     0     7    18    30    32     0     0    19    20    25     0  1932 21
  19     0     7    34    31    27     7     0     8    19    12     0  1932 22
  17    18     0    29    31    31     0     0     0    20     0     0  1932 23
  16    23     7    23    34    29     0    13     8    12     0     0  1932 24
  26    26     0    31    23    40     0    19     8    11     0     0  1932 25
  44    26     8    31    22    30     0    22     0    10     0     0  1932 26
  37    39    15    32    18    26     8    26     3     8     0    10  1932 27
  18    31    15    27    17    31     8    16     8     8     0    11  1932 28
  18    29     8    24    10    22     9    17     8     7     7    10  1932 29
  18           8    14    10    24     9     8     7     6    12     9  1932 30
  17           7           8           9     8           7           8  1932 31
-------------------------------------------------------------------------------
 12.1  10.6  11.2  11.2  17.9  22.2   9.6   6.8   4.0   8.9   8.2  11.0   Mean
-------------------------------------------------------------------------------
Yearly Mean = 11.1
