                           DAILY SUNSPOT NUMBERS 1837
===============================================================================
 Jan   Feb   Mar   Apr   May   Jun   Jul   Aug   Sep   Oct   Nov   Dec   Yr Day
-------------------------------------------------------------------------------
                   176    69                           117   125   132  1837 01
                         174         180                                1837 02
             131                                 116                    1837 03
 207                                              99   114              1837 04
 237   209   170                     159                69   146        1837 05
       165   162          81         236          91   100   106        1837 06
       119               120   151                74                    1837 07
 237   107                92   164                81   102         177  1837 08
 192   141                75   124               149                    1837 09
 159   214         171               179         125    90              1837 10
       209   127                                 100    85              1837 11
 159   175   111               177   155         126    76              1837 12
             126          77   179          81          96              1837 13
 124                      77               156          94   142        1837 14
                               159   154   159    69               107  1837 15
       140          77               135   154    77               111  1837 16
       136          85         144         122                      62  1837 17
             144               136         115                      66  1837 18
                               141                     184              1837 19
                         157   139   106   136    97   161              1837 20
 169   261         161         129         124   116   157              1837 21
 207   240         172         140   161         102          76        1837 22
             130   176         115                95                    1837 23
             127   115    82   121                75                    1837 24
             146   107                            75          45        1837 25
                   142   104   175         105    61   156              1837 26
                         109                           152              1837 27
       167               179   232               101   151              1837 28
             130               236                                 171  1837 29
                         142   182         175         152   109        1837 30
 189         111         137               147         170         212  1837 31
-------------------------------------------------------------------------------
188.0 175.6 134.6 138.2 111.7 158.0 162.8 134.0  96.3 123.7 107.0 129.8   Mean
-------------------------------------------------------------------------------
Yearly Mean = 138.3
