                           DAILY SUNSPOT NUMBERS 1963
===============================================================================
 Jan   Feb   Mar   Apr   May   Jun   Jul   Aug   Sep   Oct   Nov   Dec   Yr Day
-------------------------------------------------------------------------------
  23    30     0    15    23    31    30    65    20     0    45    28  1963 01
  29    25     0    25    22    26    22    55    25     7    52    31  1963 02
  34    44     8    28    24    15    37    53    34     9    43    30  1963 03
  35    53    14    17    20    13    22    51    43     8    37    30  1963 04
  23    47    22    23    26    23     9    50    42     0    29    28  1963 05
   8    50    32    50    43     8     9    53    31    15    13    25  1963 06
   7    48    35    50    46    29     9    38     9    20    10    17  1963 07
   8    40    29    63    55    54    10    23    14    32    11    13  1963 08
   7    32    32    55    48    68    17    22    15    37     9    32  1963 09
   8    21    34    59    64    82     9    20    23    32     0    27  1963 10
   8    18    23    48    64    82    10     9    22    40     8    26  1963 11
   8    16    18    63    55    87    10     0    28    39    11    18  1963 12
   9     9    17    56    54    82    18     7    40    42     7    10  1963 13
  33    16    24    45    56    57    22    13    65    51     7     8  1963 14
  44    17    15    50    65    54    19    11    84    49     9     7  1963 15
  40    16     8    50    66    33    11    18    85    52    16     7  1963 16
  40    18    13    41    76    27    11    29    81    50    24     8  1963 17
  21    16    19    34    78    25    13    43    73    40    28    17  1963 18
  20    20    12    28    68    23    15    36    72    29    25    15  1963 19
  16    20    13    19    58    19    11    36    73    37    28    17  1963 20
  16    20    13    10    49    19    19    50    77    35    30    14  1963 21
   7    20    16     0    37     7    19    68    70    45    34    13  1963 22
  17    22    17     0    24    15    25    64    54    50    36     9  1963 23
  15    20    19     0    28    24    17    50    38    51    35    16  1963 24
  17    16    10     0    18    29    25    37    25    53    32     8  1963 25
   7    11    16     0     9    34    16    29    13    52    23     7  1963 26
  14    17    15     0    18    31    23    16     0    38    23     0  1963 27
  34     0     7     7    36    24     7    21     9    24    21     0  1963 28
  25          12    16    32    30    24    16     0    54    27     0  1963 29
  23          17    26    37    27    55    23     0    58    28     0  1963 30
  18          19          35          65    24          45           0  1963 31
-------------------------------------------------------------------------------
 19.8  24.4  17.1  29.3  43.0  35.9  19.6  33.2  38.8  35.3  23.4  14.9   Mean
-------------------------------------------------------------------------------
Yearly Mean = 27.9
