                           DAILY SUNSPOT NUMBERS 1863
===============================================================================
 Jan   Feb   Mar   Apr   May   Jun   Jul   Aug   Sep   Oct   Nov   Dec   Yr Day
-------------------------------------------------------------------------------
  60    54    70    67    66    90    16    40    14    42    31    16  1863 01
  70    51    57    51    43    91    18    40    14    75    23    45  1863 02
  52    70    72    61    43    73    18    55    14    45    52    45  1863 03
  51    75    76    61    58    76    16    55    27    43    27    29  1863 04
  31    75    76    37    73    41    37    57     9    31    16    21  1863 05
  37    33    55    18    55    57    58    69     0    40    27    18  1863 06
  25    16    58    18    52    73    57    58     6    37    14    16  1863 07
  31    37    96    15    51    54    37    43    27    52    14    31  1863 08
  37    43    94    29    51    73    37    25    36    69    15    19  1863 09
  34    43    80    45    75    69    55    79    34    67    15    19  1863 10
  18    49    66    23    55    44    60    76    33    34    15    15  1863 11
  34    46    55    18    54    16    40    61    33    33    41    15  1863 12
  34    43    46    37    60    34    61    76    33    33    41    25  1863 13
  32    43    36    19    50    37    60    73    41    33    59    42  1863 14
  34    43    51    40    58    45    60    37    16    33    59    43  1863 15
  46    43    47    61    75    19    55    55    14    27    48    30  1863 16
  50    40    34    58    51    22    51    75    14    16    55    38  1863 17
  54    37    57    44    69    21    18    59    16    18    62    45  1863 18
  27    76    52    61    67    42    18    76    16    18    70    25  1863 19
  40    99    58    76    34    25    18    57     0    18    71    28  1863 20
  31   105    60    73    34    16    18    76    17    37    72    99  1863 21
  37    88    55    75    19    16    16    57    17    37    73    59  1863 22
  40    63    58    37    16    16    16    36    34    37    69    64  1863 23
  40    63    79    52    46    21    16    34    18    34    16    51  1863 24
  57    61    57    27    51    21    27    34    37    52    26    58  1863 25
 103    61    88    16    57    21    14    14    16    62    14    65  1863 26
  87    76    99    16    57    19    16    15    16    60    27    79  1863 27
  85    54    82    16    64    37    19    14    21    39    29    61  1863 28
  73         103    44    64    37    19    14    43    43    25    58  1863 29
  73          59    24    64    19    24    15    43    27    25    60  1863 30
  73          82          55          40    16          44          57  1863 31
-------------------------------------------------------------------------------
 48.3  56.7  66.4  40.6  53.8  40.8  32.7  48.1  22.0  39.9  37.7  41.2   Mean
-------------------------------------------------------------------------------
Yearly Mean = 44.0
