                           DAILY SUNSPOT NUMBERS 1884
===============================================================================
 Jan   Feb   Mar   Apr   May   Jun   Jul   Aug   Sep   Oct   Nov   Dec   Yr Day
-------------------------------------------------------------------------------
  90    85    92    77    59    76    70    77    52    59    55    54  1884 01
  90    86    92    82    51    72    91    85    35    62    44    50  1884 02
  90    73   103    85    30    56    95    97    17    54    20    45  1884 03
  93    93   103    92    52    47   105    82    19    77    18    40  1884 04
  96    95    93    79    29    65    98    62    13    56    13    36  1884 05
  99    91    88    99    28    69    73    36    33    64    11    47  1884 06
 129    88   119    68    43    51    58    33    47    27    11    44  1884 07
 110    74   107    78    40    77    62    37    48    35     5    32  1884 08
 150    70   108    76    74    61    56    47    55    27    19    48  1884 09
 166    67   112    78    82    45    36    46    69    34    28    51  1884 10
 116    83   104    72    81    31    35    45    59    35    51    43  1884 11
 112    64    98    75    72    36    56    45    74    30    47    51  1884 12
 110    75   113    72    73    34    59    45    69    26    54    48  1884 13
  87   104   138    49    68    44    49    51    68    26    68    61  1884 14
  63    88   132    52    57    42    36    38    70    24    50    42  1884 15
  67    85   111    51    55    32    27    34    77    18    38    38  1884 16
  76    88    99    73    54    43    24    35    82    20    49    55  1884 17
  85   108    99    56    62    57    26    33    80    33    24    57  1884 18
  89   103   109    73    70    58    27    51    86    33    38    54  1884 19
  62    84   100    88    65    53    33    33    82    35    29    52  1884 20
  74    66    85    63    60    66    35    75    90    55    47    74  1884 21
  71    56    85    89    54    57    44    78    90    39    43    54  1884 22
  67    61    60   108    90    49    52    78    98    55    57    60  1884 23
  79   108    54   103    87    42    54    64    69    72    31    55  1884 24
  79   108    47    78   105    35    49    79    60    76    38    62  1884 25
  68   117    45    76    91    40    38    76    55    69    40    24  1884 26
  59   122    41    72   102    54    37    39    63    80    36    39  1884 27
  79    99    33    78    95    44    54    72    62    74    41    36  1884 28
  93    78    44    71    78    49    48    50    74    77    36    36  1884 29
  88          42    70    88    51    57    52    61    56    57    39  1884 30
 101          56          67          62    55          54          35  1884 31
-------------------------------------------------------------------------------
 91.5  86.9  87.5  76.1  66.5  51.2  53.1  55.8  61.9  47.8  36.6  47.2   Mean
-------------------------------------------------------------------------------
Yearly Mean = 63.5
