                           DAILY SUNSPOT NUMBERS 1851
===============================================================================
 Jan   Feb   Mar   Apr   May   Jun   Jul   Aug   Sep   Oct   Nov   Dec   Yr Day
-------------------------------------------------------------------------------
  55   109    81    35    60    95    35    34   102    35    46    87  1851 01
  45   105    63    45    72    74    14    79   100    45    48    81  1851 02
  59   116    64    48    90    40    12    66   100    70    51    57  1851 03
  65   127    64    51    88    49    15    71   103   109    71    59  1851 04
 118   138    65    57   103    51    16    77    66    80    63    38  1851 05
 145   146    67    47   107    44    32    76    52    64    64    26  1851 06
 152   155    69    42    86    37    18    77    67    40    58    35  1851 07
 150   130    60    40    71    31    16    51    69    36    52    47  1851 08
 150   118    60    46    84    42    16    54    70    55    52    36  1851 09
 150    87    74    52    78    46    52    36    52    55    51    53  1851 10
 119    81    70    64    97    39    67    53    76    21    36    41  1851 11
 136    79    73    83    88    52    54    40    77    13    52    46  1851 12
  72    78    70    87    76    50    51    91    79    24    35    52  1851 13
  87    69    67    88    80    54    51    76   120    48    19    58  1851 14
  31   108    96    79    79    68    82    61    67    51    18    76  1851 15
  57    73    46    91    37    96    56    50    60    41    18    68  1851 16
  50   105    69    84    36    89    53    59    66   104    30    66  1851 17
  51    78    69   112    45    81    49    52    49    64    43    71  1851 18
  62   101    70    57    39   106    52    33    55    80    74    77  1851 19
  45   105    57    51    33    99    55    39    66    68    61    88  1851 20
  29   113    64    46    46   108    54    37    67   136    71   118  1851 21
  37   122    81    39    34    96    52    28    69   101    36    95  1851 22
  46   116    77    34    59    70    54    57    93    94    49    90  1851 23
  16    86    57    23    22    51    33    68    50    94    60    80  1851 24
  16    86    54    34    37    49    25    70    60    86    50    85  1851 25
  25    99    60    52    54    64    11    71    47    82    45   106  1851 26
  38   112    40    56    35    61    11    71    45    36    37   100  1851 27
  67   109    44    53    50    41    29    47    40    50    60    96  1851 28
  79          52    51    39    71    24    52    35    54   100    94  1851 29
  93          66    48    36    41    16    46    35    50    79    70  1851 30
  97          54          81          15    57          51         117  1851 31
-------------------------------------------------------------------------------
 75.5 105.4  64.6  56.5  62.6  63.2  36.1  57.4  67.9  62.5  51.0  71.4   Mean
-------------------------------------------------------------------------------
Yearly Mean = 64.5
