                           DAILY SUNSPOT NUMBERS 1868
===============================================================================
 Jan   Feb   Mar   Apr   May   Jun   Jul   Aug   Sep   Oct   Nov   Dec   Yr Day
-------------------------------------------------------------------------------
  20    10    27    51    22    71    39    37     0    64   137    43  1868 01
  14    19    17    44    19    62    48    42    31    42   115    33  1868 02
  18    21    20    45    10    40    43    17    43    35   111    51  1868 03
  18    11    19    51    30    45    33    19    23    46    52    51  1868 04
  19    16    26    54    32    30     0    33    48    29    72    34  1868 05
  25    10    34    53    33    16     0    19    50    49    55    34  1868 06
  35    10     0    44    21    24     0    23    57    49    52    41  1868 07
  45    10     0    35    37    56     0    26    50    41    49    73  1868 08
  60     0    14    18    37    17     0    26    60    30    46    97  1868 09
  45    21    17    19    51    29     0    33    72    29    43   121  1868 10
  40    14    30    27    61     0     0    21    80    66    40    97  1868 11
  17    16    17    37    30     0     0    15    70    52    36   100  1868 12
  20    10    30    42    26    11     0    22    82    51    42    92  1868 13
  36     0    30    46    16    10     0    35    62    33    36    73  1868 14
  15     0    44    46    16    10    10    62    73    33    60    72  1868 15
   0     0    50    72    12    22    15    50    67    34    61    56  1868 16
   0    10    50    43    29    27    33    31    54    31    58    15  1868 17
   0    37    25    51    35    28    43    60    31    37    62    15  1868 18
   0    34    24    55    41    37    54    55    36    57    82    12  1868 19
   0    34    43    27    34    30    47    57    40    64    43    30  1868 20
   0    34    30    23    34    10    58    45    30    71    58    82  1868 21
   0    25     0    37    26    33    58    42    36    69    41    71  1868 22
   0    12    11    33    16    30    38    31    34    84    41    79  1868 23
   0    16    16    16     0    31    64    30    43    52    67   101  1868 24
   0    26    24    10     0    43    64    45    35    58    54    79  1868 25
   0     0    30    18     0    35    68    35    33    76    58    79  1868 26
  15    23    24    18    19    27    56    74    42    99    55    90  1868 27
   0    22    39    14    32    57    30    37    30   141    52    89  1868 28
   0    15    42    36    16    45    36    22    49    99    49   136  1868 29
  22          43    34    50    56    34     8    54   147    46   103  1868 30
  18          44          42          27    14         142          47  1868 31
-------------------------------------------------------------------------------
 15.5  15.7  26.5  36.6  26.7  31.1  29.0  34.4  47.2  61.6  59.1  67.6   Mean
-------------------------------------------------------------------------------
Yearly Mean = 37.6
