                           DAILY SUNSPOT NUMBERS 1848
===============================================================================
 Jan   Feb   Mar   Apr   May   Jun   Jul   Aug   Sep   Oct   Nov   Dec   Yr Day
-------------------------------------------------------------------------------
                   126    94    94                     145    94        1848 01
              91   125    90    97   119   125    91   161   111        1848 02
       134         121    91          97   132               124   117  1848 03
 164   120         120    81    84   109   112    74   106    79   159  1848 04
 161   110                89   101   116   111    71          86        1848 05
 171                     100    95   131   132    87               121  1848 06
 171                     109   182   140   191    84   106         147  1848 07
 161                     124         200          90   134   107   104  1848 08
        61          80   124   149   124   119                     125  1848 09
       111          92   141   150   152          91   146   100   137  1848 10
       109         116   135   144   212    95                     161  1848 11
             132               150   165   105    55   135    99   176  1848 12
              95   109   114   147   157    96    50               166  1848 13
        72               120                                 170   166  1848 14
       145   126    79   112   121                69         204        1848 15
  97   112         117    67   116    96   111   101         195        1848 16
 150         141   109   141   144         119   129               131  1848 17
             126   136   124   142   120               187         177  1848 18
 155          94               117   120   116    90                    1848 19
             119    94         126    94   110   126               169  1848 20
       129   116   102   106         105   109   145               156  1848 21
              99          90   124    87         157          87        1848 22
       132    97         110   164   104               177    67   212  1848 23
             109    80    85         115         144   117         144  1848 24
                          52   134   129   187                70   165  1848 25
 166               105    60   106   157   196   131         104   211  1848 26
 184         100   102    92   111   191   181                     161  1848 27
 189   112   120   115    95   160   190   152    82    92         171  1848 28
 169   106    94         102         167   155         110         206  1848 29
 159          67               137   169   130   140   105   136   204  1848 30
 131         121         112         192                           143  1848 31
-------------------------------------------------------------------------------
159.1 111.8 108.6 107.1 102.2 129.0 139.2 132.6 100.3 132.4 114.6 159.5   Mean
-------------------------------------------------------------------------------
Yearly Mean = 124.7
