                           DAILY SUNSPOT NUMBERS 1865
===============================================================================
 Jan   Feb   Mar   Apr   May   Jun   Jul   Aug   Sep   Oct   Nov   Dec   Yr Day
-------------------------------------------------------------------------------
  36    14    36    33    29    39    26    54    26    16     0    42  1865 01
  19    10    39    26    49    45    11    90    24    20     0    42  1865 02
  29    10    43    25    33    47     0    79    33    20     0    42  1865 03
  32    22    33    16    52    46     0    60    37    20    11    18  1865 04
  45    30    47    11    53    59    10    51    35    10    13    20  1865 05
  36    14    48    10    57    46    10    20    21    10    39    15  1865 06
  30    42    31     0    62    43    24    49    21    20    40    10  1865 07
  33    37    24    23    65    52    37    38     0    29    42     0  1865 08
  33    79    36    18    44    54    53    38     0    18    57     0  1865 09
  47    57    36    23    33    77    16    54     0    24    42     0  1865 10
  39    76    69    21    30    36    20    43     0    37    32    14  1865 11
  40    82    88    21    34    60    37    32     0    44    34    10  1865 12
  36    81    80    22    34    56    36    19     0    53    35    10  1865 13
  46    73    73     0    28    34    31    14     0    33    36     0  1865 14
  20    58    60    15    28    32    10    18    15    42    19     0  1865 15
  22    55    60    66    14    33    10     0    15    35    31     0  1865 16
  33    45    63    58    16    30    31    18    14    39    17    19  1865 17
  42    34    45    71    18    36    29    23    33    25    15    19  1865 18
  32    43    41    60    27    24    33    23    29    16    12     0  1865 19
  62    34    42    56    30    13    35    33    30     0    10     0  1865 20
  58    16    26    54    19     0    17    23    23     0     0    14  1865 21
  66    18    14    44    15     0    33    16    15     0    14     0  1865 22
 113    18     0    27     0    25    16    31    19     0    17    15  1865 23
  98    16     0    11     0    23    31    42    30     0    26     0  1865 24
 112    42    19    15    24    16    21    48    42     0    22     0  1865 25
 113    37    20    41    25    13    26    39    33     0    33     0  1865 26
  79    42    22    44    26    10    50    31    37     0    37    15  1865 27
  60    15    34    18    68    11    36    52    48     0    42    19  1865 28
  33          28    29    62    27    42    53    34    10    32    16  1865 29
  56          24    25    39    20    27    43    34    10    29    15  1865 30
  10          42          56          72    37           0          42  1865 31
-------------------------------------------------------------------------------
 48.7  39.3  39.5  29.4  34.5  33.6  26.8  37.8  21.6  17.1  24.6  12.8   Mean
-------------------------------------------------------------------------------
Yearly Mean = 30.5
