                           DAILY SUNSPOT NUMBERS 2002
===============================================================================
 Jan   Feb   Mar   Apr   May   Jun   Jul   Aug   Sep   Oct   Nov   Dec   Yr Day
-------------------------------------------------------------------------------
 136   113   109   116   102   124    58   137   120    58   124    72  2002 01
 135   135    78   130   114   129    61   132   136    70   115    66  2002 02
 136   159   112   126   149   133    80   121   147    67   123    64  2002 03
 142   153   114   127   166   150    82    95   144    60   107    80  2002 04
 118   151   106   127   172   126    88    84   132    76   122    82  2002 05
  98   125   112   136   149   135    75    87   118    81   137    82  2002 06
  90   104    93   138   157   135    66    88   120    79   145    79  2002 07
 100   104    79   134   142   127    63    76   124   101   122    98  2002 08
 121   110    74   148   126   113    64    73   116   106   129   107  2002 09
 115   105    78   142   133    88    58    73   118   129   126    94  2002 10
 129   109   103   152   138    68    61    99   109   121   114    74  2002 11
 129   110    90   162   130    75    52   117   109   122   100    65  2002 12
 124   104    92   144   104    55    72   134   109   119    94    75  2002 13
 122    92    87   150    76    73    78   177    87   114   104   124  2002 14
 104   103   100   138    74    70    96   185    97   116   102   119  2002 15
  87    79    94   113    84    80    99   174    99   128    89   129  2002 16
  74    91    88    94    86    60    91   186   116   110    91   140  2002 17
  86    80    92   106    93    87    92   179   121   118    83   134  2002 18
  99    78    76   104    93    79    83   164   112   120    74   134  2002 19
 109    95    85   102   107    74    77   140   114   122    94   124  2002 20
 118    81    95    95   121    57    77   127   106    93    82   112  2002 21
 120    84    93    93   137    57    91   114   108    88    79   104  2002 22
 140    94   106   114   136    65   121   123   112    77    77    75  2002 23
 115    99   111   150   128    74   129    99   103    73    67    57  2002 24
  97   121   109   147   127    76   133    98   111    77    56    35  2002 25
 106   123   101   101   121    74   164    79    90    81    49    32  2002 26
 118   107   115    88   123    66   182    80    90    84    68    29  2002 27
 121    97   107    71   119    60   192    81    80    87    70    27  2002 28
 116         114    87   114    66   181    82    76   114    61    31  2002 29
 119         111    85   103    72   174    97    64   120    61    29  2002 30
 112         125         120         148   106         110          33  2002 31
-------------------------------------------------------------------------------
114.1 107.4  98.4 120.7 120.8  88.3  99.6 116.4 109.6  97.5  95.5  80.8
-------------------------------------------------------------------------------
Values are final.

