                           DAILY SUNSPOT NUMBERS 1991
===============================================================================
 Jan   Feb   Mar   Apr   May   Jun   Jul   Aug   Sep   Oct   Nov   Dec   Yr Day
-------------------------------------------------------------------------------
 139   205    95    89    93   177   188   132   170   155   198   102  1991 01
  89   209    93    92    86   175   213   138   161   147   173    96  1991 02
  93   176    71   118   106   171   238   143   147   159   139   124  1991 03
  95   144    55   139    95   179   250   136   147   158   109   116  1991 04
 104   127    74   160    89   180   217   148   132   165   113   131  1991 05
 119   117    88   159    96   167   204   119   137   129   125   133  1991 06
 105   119   131   164    99   171   209   120   111   115   134   154  1991 07
  99   118   146   146   125   210   203   106   135   116   141   174  1991 08
  94   134   156   172   140   240   179    89   122   137   132   209  1991 09
  97   136   159   167   134   241   181    75   127   149   121   212  1991 10
 116   140   167   195   145   250   170    86   123   141   129   211  1991 11
 122   153   163   227   133   219   138    98   130   129   114   187  1991 12
 145   166   152   197   116   175   139   126   143   125   104   177  1991 13
 119   163   161   211   134   177   132   122   147   138    94   175  1991 14
 114   173   182   227   119   154   117   164   123   145    88   155  1991 15
 133   159   202   188   113   165   102   212   101   126    73   135  1991 16
 154   136   167   172   113   149    91   257   103   111    75   124  1991 17
 127   191   168   171   125   142    89   279   101   111    75   133  1991 18
 119   206   155   173   116   143   114   280    84    88    96   134  1991 19
  91   198   173   161   121   113   132   291    80    83    94   117  1991 20
 107   223   167   115    97   147   171   300   115    77    87   109  1991 21
 106   214   179    79   117   135   184   294   124    81    78   108  1991 22
 127   200   179    72   120   124   212   275   129   107    83   110  1991 23
 135   192   154    33   117   135   205   259   112   138    95   130  1991 24
 149   194   146    39   121   137   189   215   111   161    98   143  1991 25
 179   187   153    73   139   150   199   177   117   171    83   150  1991 26
 220   175   137    82   156   143   183   147   120   217   104   132  1991 27
 237   134   129   119   158   162   183   157   124   221   106   138  1991 28
 248         140   132   150   177   182   171   144   248   104   156  1991 29
 239         141   129   141   183   197   166   138   223    80   151  1991 30
 224         115         145         173   184         197         151  1991 31
-------------------------------------------------------------------------------
136.9 167.5 141.9 140.0 121.3 169.7 173.7 176.3 125.3 144.1  108.2 144.4  Mean
-------------------------------------------------------------------------------
Yearly Mean =145.7
