                           DAILY SUNSPOT NUMBERS 1842
===============================================================================
 Jan   Feb   Mar   Apr   May   Jun   Jul   Aug   Sep   Oct   Nov   Dec   Yr Day
-------------------------------------------------------------------------------
               0     0    20    14    42    14    30    29           0  1842 01
               0     0    20    16    29    34    29    37    32     0  1842 02
   0          35     0    16    19    25    30    30    37    20    15  1842 03
              54     0     0    20    31    21    31    61    17        1842 04
         0    75     0    14    19    27    32    27    36    33        1842 05
        29    44    15    51    16    16    29    29    51              1842 06
   0    40    46    21    51    14    14    31    45          37        1842 07
   0    45    50    18    66    14     0    19    16    51    39        1842 08
   0    42          30    72    14     0    16    14    26    32        1842 09
        50          40    52    32     0    16    15          56        1842 10
        46    36    64    70    20     0    36    24          61    47  1842 11
  14    42    44    56    32    22     0    35    22    15    51    31  1842 12
        26          55    15    19     0    42    22    27    59        1842 13
  20    38          36    15    19     0    41    20          56        1842 14
  42    41    29    50    17    22     0    40    19    50    63    16  1842 15
  34    16          51    36    27     0    40     8          61    17  1842 16
  35    16          37    15    35     0    44     0          79        1842 17
  65          19    27    32    32     0    39     0    58    74    15  1842 18
  62          16    15    15    31     0    39     0    57    42    14  1842 19
        16    16    39     0    29     0    33    16    45              1842 20
        20    36    39     0    14     0    31          45    15        1842 21
  50    19     0    34     0    27     0    14    39    42    16        1842 22
  22     0     0    37     0     0     0     0    27          34    14  1842 23
  24     0     0    21     0     0     0     0    19    29    21    16  1842 24
  19     0    14    20    19    16    14     0    15    35    32    14  1842 25
  21     0     0    25    20    24    34    20     0          32    14  1842 26
   0     0    15    16    20    21    55    20     0    34    37    14  1842 27
   0     0    14    14    47    25    21    25     0    31              1842 28
   0           0    27    27    27    26    21    17    36    14    37  1842 29
               0    21    14    27    37    37          30              1842 30
   0           0          15          20    27          14              1842 31
-------------------------------------------------------------------------------
 20.4  22.1  21.7  26.9  24.9  20.5  12.6  26.6  18.4  38.1  40.5  17.6   Mean
-------------------------------------------------------------------------------
Yearly Mean = 24.2
