                           DAILY SUNSPOT NUMBERS 1988
===============================================================================
 Jan   Feb   Mar   Apr   May   Jun   Jul   Aug   Sep   Oct   Nov   Dec   Yr Day
-------------------------------------------------------------------------------
  47    63    68   110    69    95   139   142   137   109   126   128  1988 01
  31    68    66    96    84    96   145   143   144   117   114   114  1988 02
  25    68    72    94    76   100   142   146   129   129   121   139  1988 03
  23    74    77    74   101   105   129   135   148   128   104   122  1988 04
  32    58    64    66   103   125   119   120   128   130   129   149  1988 05
  40    43    61    62    77   145   108   123    93   123   124   149  1988 06
  58    44    65    84    50   141   103   144    97   128   114   144  1988 07
  57    46    67    92    63   151   106   160    88   131    95   111  1988 08
  62    50    49   115    74   173    82   171    74   125   110   122  1988 09
  68    38    36   107    87   144    78   152    76   146   131   133  1988 10
  75    26    20   115    65   108   102   135    81   148   155   152  1988 11
  67    14    39   118    56    77   109   133    88   169   159   175  1988 12
  76    23    53   120    44    47   103   122    91   150   147   187  1988 13
  91    28    62   138    37    53   121   128    94   131   139   213  1988 14
  90    33    63   145    44    65   121   121    89   109   156   225  1988 15
  83    42    74   157    53    81   111    91    89   108   181   226  1988 16
  72    35    99   144    57    76   124    67    79   125   196   232  1988 17
  68    55    95   137    44    67   136    47    97   134   175   222  1988 18
  73    66   105   108    20    70   105    57   113   133   147   223  1988 19
  85    51    85    88    20    77   106    57   153   119   112   218  1988 20
  78    27    81    79    25    95   103    40   168   117   145   210  1988 21
  66    15    76    72    30    92   106    21   168   109   131   255  1988 22
  47    13    74    43    40    91   116    26   190   104   117   235  1988 23
  44    23    83    30    48    93    81    43   172   121   116   199  1988 24
  33    19    92    40    54   111    76    76   149   124    89   183  1988 25
  44    15    93    44    63   107    76    93   151   119    73   174  1988 26
  54    31   103    36    66   111   101   142   157   120    69   175  1988 27
  67    40   109    41    70   116   117   146   143   119    86   196  1988 28
  59    52   104    39    74   121   157   164   111   128    86   194  1988 29
  56         108    47    83   121   161   163   106   115   107   178  1988 30
  57         120          86         146   151         111         172  1988 31
-------------------------------------------------------------------------------
 59.0  40.0  76.2  88.0  60.1 101.8 113.8 111.6 120.1 125.1 125.1 179.2   Mean
-------------------------------------------------------------------------------
Yearly Mean = 100.2
