                           DAILY SUNSPOT NUMBERS 1912
===============================================================================
 Jan   Feb   Mar   Apr   May   Jun   Jul   Aug   Sep   Oct   Nov   Dec   Yr Day
-------------------------------------------------------------------------------
   0     0     0     0     9    11     0     0     0     0     0     0  1912 01
   0     0     0     0    13    14     0     0     0     0     0     0  1912 02
   0     0     0     0    13     0     7     0     0     0     0     0  1912 03
   0     0     7     0     9     0     8     0     0     7     0     0  1912 04
   0     0     0     0     7     0     8     0     0    14     0     0  1912 05
   0     0     7     0    10     0     9     0     9    23     0     0  1912 06
   0     0     8     0     0     0    14     0     8    23     0     0  1912 07
   0     0    14    10     7     0    13     0    18    22     0     0  1912 08
   0     0    17    22     7     0    11     0    14    16     0     0  1912 09
   0     0    14    22     0     0    14     0    10    13     0     0  1912 10
   0     0    13    19     7     0     8     0    17     9     0     0  1912 11
   0     0    16    20     0     0     0     9    20     0     0     0  1912 12
   0     0    11    16     7     0     0     0    16     0     0    11  1912 13
   0     0    11    12     0     0     0     0    19     0     0    17  1912 14
   0     0    10     7     0     0     0     0    17     0     0    13  1912 15
   0     0     8     0     0     0     0     0    16     0    14    14  1912 16
   0     0     7     0     0     7     0     0    14     0    10    20  1912 17
   0     0    10     0     0    14     0     0    22     7    10    18  1912 18
   0     0     0     0     0     8     0     0    19     8     0    30  1912 19
   8     0     0     0     0     7     0     0    10     0     0    18  1912 20
   0     0     0     0     0     7     0     0     7     0     0    19  1912 21
   0     0     0     0     0     7     0     0     0     0     0     7  1912 22
   0     0     0     0     0     7     0     0     0     0     0     7  1912 23
   0     0     0     0     0    11     0     0     0     0     0     0  1912 24
   0     0     0     0     0     7     0     0     8     0     0     0  1912 25
   0     0     0     0     0    10     0     0    13     0     0     0  1912 26
   0     0     0     0    10     7     0     0     8     0     0     0  1912 27
   0     0     0     0    13     7     0     0     7     0     0     0  1912 28
   0     0     0     0     9     0     0     0     7     0     0     9  1912 29
   0           0     7     7     0     0     0     7     0     0     8  1912 30
   0           0           8           0     0           0           7  1912 31
-------------------------------------------------------------------------------
  0.3   0.0   4.9   4.5   4.4   4.1   3.0   0.3   9.5   4.6   1.1   6.4   Mean
-------------------------------------------------------------------------------
Yearly Mean = 3.6
