                           DAILY SUNSPOT NUMBERS 1857
===============================================================================
 Jan   Feb   Mar   Apr   May   Jun   Jul   Aug   Sep   Oct   Nov   Dec   Yr Day
-------------------------------------------------------------------------------
  17     0     0    22    17    24    26     0    37    16    68    22  1857 01
  17     0     0    15    16    34    26     0    38    16    64    22  1857 02
  14     0     0    19    16    40    48     0    35    36    56    22  1857 03
  14    12     0    19    19    29    39     0    40    34    42    23  1857 04
  12    12    14    19    22    28    32     0    48    34    36    23  1857 05
  12    14    13    22    25    27    29     0    50    33    32    22  1857 06
  13    14     0    25    24    27    26     0    40    22    26    22  1857 07
  13    14     0    19    20    15    41     0    36    22    27    22  1857 08
  22    13     0    16    25    15    27     0    58    33    15    22  1857 09
  15    13    11    15    25    11    15    11    66    53    24    16  1857 10
  15    13    13    18    26    11    17    11    71    95    24    11  1857 11
  28    13    12    32    22    23    21    22    56    75    24    46  1857 12
  31    13     0    30    30    16    24    22    64    45    24    54  1857 13
  35    11    11    27    42    23    22    22    60    46    24    62  1857 14
  11    23    11     0    53    24     0    22    54    59    36    71  1857 15
  11    27    13     0    60    22     0    22    60    61    50    79  1857 16
  11    16    11     0    64     0    16    22    51    36    47    68  1857 17
  13     0    13     0    75     0    22    22    49    39    58    67  1857 18
  11     0     0     0    49     0    34    35    34    54    50    68  1857 19
  11     0     0     0    49     0    38    35    39    45    34    60  1857 20
  13     0     0     0    33     0    32    16    29    33    45    50  1857 21
  18     0     0     0    29     0    30    16    27    33    46    42  1857 22
  23     0     0     0    25    11    24    16    24    37    16    42  1857 23
   0     0     0     0    16    11    22    16    27    12    11    39  1857 24
   0     0     0     0    16    12    30    22    30    12    11    36  1857 25
  11     0     0     0    16    11    24    34    38    33     7    39  1857 26
  11     0    11     0    12    11    23    38    41    42    11    27  1857 27
  11     0     0    11    11    11     0    39    20    48    11    28  1857 28
  11           0    13    16    16     0    27    21    64    11    19  1857 29
   0          14    11    16    29     0    27    30    45    11    14  1857 30
   0          14          16           0    26          45          15  1857 31
-------------------------------------------------------------------------------
 13.7   7.4   5.2  11.1  28.6  16.0  22.2  16.9  42.4  40.6  31.4  37.2   Mean
-------------------------------------------------------------------------------
Yearly Mean = 22.7
