                           DAILY SUNSPOT NUMBERS 1985
===============================================================================
 Jan   Feb   Mar   Apr   May   Jun   Jul   Aug   Sep   Oct   Nov   Dec   Yr Day
-------------------------------------------------------------------------------
   0    18    13    25    19    10    21    35     7     0     0     0  1985 01
   0    22    13    21    15     0    27    25     0     0     0    16  1985 02
   0    25     9    23    14    11    30    27     0     0     0    13  1985 03
   0    22     0    17    18    26    32    27     0     0     0     0  1985 04
   0    20     0    23    16    35    38    20     0     0    16    18  1985 05
   0    16     0    19    14    37    43    14     0     0    19    26  1985 06
   0     7     0    11    32    38    71    12     0     0    19    15  1985 07
  11    16    14     9    44    42    67    12     0     0    18    12  1985 08
  14    24    15     9    56    42    82    17     0     0    25    16  1985 09
   0    19    13     0    49    58    82    12     0     0    15    15  1985 10
   0    13    16     0    49    66    61    12     7     0    17    18  1985 11
  13    10    18     0    33    54    45    12     0     0    19    19  1985 12
  16    11    14     0    32    45    25     0     9    11    30    18  1985 13
  26    13    10    10    32    36     9     0     9    13    44    30  1985 14
  25    11     0     0    32    37     8     0     9    15    48    47  1985 15
  26    10    11     0    31    27     9    14     9    25    39    66  1985 16
  29    12    20     0    38    23    11    12     8    19    43    63  1985 17
  26    10    35    10    41    18    11    11    10    20    37    52  1985 18
  27    19    27     9    40    10    11    12    10    31    30    40  1985 19
  55    27    19    11    37     9    11    10     9    44    28    24  1985 20
  59    27     9    17    36     9    10     9     8    50    18    17  1985 21
  50    25    15    31    34     9    10     0     7    72    12    11  1985 22
  39    16    22    28    32    12    18     0     0    67    10     0  1985 23
  33    11    36    30    25    13    12     0     0    63     0     0  1985 24
  20    11    30    37    19    12    10     0     0    55     0     0  1985 25
   9    11    33    37    13    10    13     8     0    40     0     0  1985 26
   8    10    27    31    12     8    12     8     0    27     0     0  1985 27
   0     9    36    27    12     8    36    10     0    14     0     0  1985 28
   9          25    26    10     9    51     9     7    11     0     0  1985 29
   0          29    26     8    11    46     8     7     0     0     0  1985 30
  17          23           8          40     9           0           0  1985 31
-------------------------------------------------------------------------------
 16.5  15.9  17.2  16.2  27.5  24.2  30.7  11.1   3.9  18.6  16.2  17.3   Mean
-------------------------------------------------------------------------------
Yearly Mean = 17.9
