                          DAILY SUNSPOT NUMBERS 2006
===============================================================================
 Jan   Feb   Mar   Apr   May   Jun   Jul   Aug   Sep   Oct   Nov   Dec   Yr Day
-------------------------------------------------------------------------------
  25     0     0    35    33     8    21     7    21    25    32    34  2006 01
  24     0     0    39    35     0    17     7    10    23    42    32  2006 02
  19     0     0    44    34     0    19     9     0    16    44    28  2006 03
  17     0     9    49    36    11    20     0     0    16    39    24  2006 04
  15     0    16    50    32    15    19     0    16    17    32    28  2006 05
  15     0    14    54    27    18    20     0    24    16    24    33  2006 06
   8     7     0    46    32    33    20     0    29    16    19    31  2006 07
   7     7     0    41    31    33    19     7    29    15    26    17  2006 08
   8    14     0    33    28    27    17    16    30    15    18    13  2006 09
   8    10     0    36    19    28     8    17    30    10     9    14  2006 10
   8     8     0    38    16    21     8    16    27     0    11    17  2006 11
   8     0     9    41     7    17     7    15    19     0    13    17  2006 12
   0     9    10    40     7    16     0    16    18     0    21    16  2006 13
   8    11    14    36     0     8     8    19     9     0    28    14  2006 14
  20    15    14    23     0     8     9    19     9     0    27    13  2006 15
  24    15    13    15     0    12    11    19     8     0    31    12  2006 16
  22     7    19     8     0    13    12    17    15     0    28     9  2006 17
  26     7    16     7     8    10    12    19     7     0    28     0  2006 18
  24    12    16    14     8    12    13    15     8    10    27     0  2006 19
  16     0    19    10    19    12     8    10     8    10    21     0  2006 20
  19     0    19     9    20    10     0    16     8    11     0     0  2006 21
  31     0    19    11    28     0     8     9    11    15     0     0  2006 22
  37     0    18     8    30     0    10    12     8    27     7     0  2006 23
  30     0    21    11    26     0    11    12     9    21     0     8  2006 24
  19     0    11    28    25     8    10    15     8    10     8    10  2006 25
  14     0     0    35    28    10    10    14    10     0     9    13  2006 26
   9     7     0    39    32    13    10    21     7     8    20    12  2006 27
   7     7     9    37    37    24     9    22     8    10    23     0  2006 28
   7          19    32    35    26     9    17    22     0    24     0  2006 29
   0          20    37    32    25    17    12    25     9    35    10  2006 30
   0          24          27          15    22          23          17  2006 31
-------------------------------------------------------------------------------------------
 15.3   4.9  10.6  30.2  22.3  13.9  12.2  12.9  14.4  10.4  21.5  13.6
-------------------------------------------------------------------------------------------
Values are preliminary after Sep 06.
