                           DAILY SUNSPOT NUMBERS 1919
===============================================================================
 Jan   Feb   Mar   Apr   May   Jun   Jul   Aug   Sep   Oct   Nov   Dec   Yr Day
-------------------------------------------------------------------------------
  32    80    79    63    49    81    52    29    53    70   106    77  1919 01
  16   105    76    51    63   104    73    14    38    52    96    53  1919 02
  16   148    65    88    89    96    91    25    52    47    92    71  1919 03
   7   147    40    86    98   118    70    46    59    29    81    71  1919 04
  20   170    58    67   113   121    63    59    56    34    63    44  1919 05
  27   119    70    63   126   134    36    47    42    26    42    30  1919 06
  29   115    74    79   109   107    47    70    48    40    40    25  1919 07
  60   119    84    72   106    87    30    61    55    53    40    45  1919 08
  77   134    66    74   117    67    35    66    47    66    39    41  1919 09
  78   116   126    68    98    88    62    72    47    80    37    41  1919 10
 110    98   108    37    83    79    61    72    53    85    32    33  1919 11
  91    82    97    30    68    92    79    83    65   116    39    50  1919 12
  89    71   100    28    67   124    83    70    53    95    23    39  1919 13
  93    55   107    41    59   117    94   104    53    87    15    40  1919 14
  72    60    91    29    66    97   128   112    53    61    15    33  1919 15
  87    57    82    13    77   125    80   109    35    56    14    39  1919 16
  54    61    73    29   106   107    74   110    40    37    10    39  1919 17
  35    45    69    18   146   111    58   105    38    34    17    32  1919 18
  38    47    53    20   158   149    65   105    27    18    17    16  1919 19
  40    43    32    16   160   142    53   101    50    19    15     8  1919 20
  39    25    26    25   124   145    46   115    52    23    11    16  1919 21
  21    29    30    33   109   153    62    97    61    14    18    23  1919 22
  15    42    28    29    91   152    66    72    73    13    23    36  1919 23
  15    45    42    58    95   125    87    63    89    16    50    29  1919 24
  22    45    43    69    61   114    92    68    62    24    61    17  1919 25
  39    57    45    75    65   123    74    61    79    33    38    16  1919 26
  51    55    56    61    52   129    87    38    52    46    44    26  1919 27
  50    56    58    79    44   116    59    32    52    57    57    23  1919 28
  50          51    73    24    77    34    40    84    99    63    11  1919 29
  56          66    79    49    55    40    39    74    93    61    31  1919 30
  63          66          60          25    55         113          26  1919 31
-------------------------------------------------------------------------------
 48.1  79.5  66.5  51.8  88.1 111.2  64.7  69.0  54.7  52.8  42.0  34.9   Mean
-------------------------------------------------------------------------------
Yearly Mean = 63.6
