                           DAILY SUNSPOT NUMBERS 1849
===============================================================================
 Jan   Feb   Mar   Apr   May   Jun   Jul   Aug   Sep   Oct   Nov   Dec   Yr Day
-------------------------------------------------------------------------------
 151    45    92   170   120   128    66    55   134    90    99   145  1849 01
 155   110    82   170   130   154    49    78    85   120   111   133  1849 02
 180    85    72   172    93   130    54    75    67    51    40    97  1849 03
 151    97    85   178   115   150    60    52    91    34    71   117  1849 04
 147   112    90   150   130   125    70    70   100    18    74   137  1849 05
 143   134    94   160   108   115    72    58    85    69    78   107  1849 06
 139   110   100   156    90   100    90    50   118    68    82   100  1849 07
 135   121    70   120    80    93   112    45    88    66   105    92  1849 08
 137   135    50   135    85    40   135    54   120    76    80    84  1849 09
 132   140    60   100    80    50    54    77   116    40    70    76  1849 10
 127   150    70    84    75    60    36    82    95    25    60    68  1849 11
 122   146   100    74    18    62    57    95    85    40    45    60  1849 12
 132   174   107    64     0    80    75    94    80    66    61    52  1849 13
 142   115   115    82    66    92    63    75    97    60    82    42  1849 14
 152    27   104    60    65    72    63    74   149    40    70    59  1849 15
 162   100    90    27    65    51   115    91   124    35    60    52  1849 16
 172   190    81    33    65    48   120    90    92    61    50    72  1849 17
 170   160   100    82    70    85   120    90    69    65    42   107  1849 18
 187   146    90    85    70    85    92    76    39   116    75   105  1849 19
 230   190    80   106    72    37    92    52    66   101   117    67  1849 20
 195   170    80   120    65    82    85    60    84   116   114   100  1849 21
 136   151    95   144    58   116    68    44    98   116   121   115  1849 22
 146   168    90    63    65    88    62    47   104   116   129   130  1849 23
 156   150    80    45    57    80    59    34    93    87   136   140  1849 24
 165   168    70    80    85    80    84    40    72    66   143   153  1849 25
 176   169    85    75    62    65    48    70    65    60   150   109  1849 26
 195   120   100   104    80    35    57    71    95    55   158    95  1849 27
 153   106   170    85   110    30    90    45   106    51   182    85  1849 28
 190         160    75   105    46    94    64    97    91   204   132  1849 29
 160         151    75   110    55   100    86    97   118   162    76  1849 30
 130         168         105          76   105          99         100  1849 31
-------------------------------------------------------------------------------
157.0 131.7  96.2 102.5  80.6  81.1  78.0  67.7  93.7  71.5  99.0  97.0   Mean
-------------------------------------------------------------------------------
Yearly Mean = 96.3
