                           DAILY SUNSPOT NUMBERS 1904
===============================================================================
 Jan   Feb   Mar   Apr   May   Jun   Jul   Aug   Sep   Oct   Nov   Dec   Yr Day
-------------------------------------------------------------------------------
  60     8    11    27    49    17    37    38    71    27    44    41  1904 01
  47    10    20    30    62    19    38    47    46    27    36    20  1904 02
  45     8    19    42    49    18    48    28    33    24    21    20  1904 03
  32    22    24    34    47    26    34    50    11    24    19    20  1904 04
  32    25    21    40    49    34    32    55    13    40    26    35  1904 05
  28    30    24    12    52    43    41    54    13    41    46    35  1904 06
  25    22    27     9    29    43    35    34    12    56    32    72  1904 07
  28    26    33    22    64    44    36    61    18    68    16    85  1904 08
  28    49    34    27    59    26    17    53    15    69    13    89  1904 09
  16    37    35    35    56    43    32    64    30    60    14   103  1904 10
   8    33    24    38    61    43    29    67    24    66    25   121  1904 11
  14    32    14    44    42    45    29    64    18    66    16   117  1904 12
  14    29    10    45    50    62    33    64    23    73    26   112  1904 13
  24    19    25    36    50    85    37    51    24    53    22   107  1904 14
  17    15    26    32    52    62    60    41     9    43    34    98  1904 15
  23     8    17    38    55    53    86    37    19    52    38    82  1904 16
  36    12    25    40    31    50    93    16    16    40    34    82  1904 17
  51     8    32    39    32    53    88    25    26    34    49    55  1904 18
  40    26    47    50    20    54    93    35    35    52    35    46  1904 19
  31    30    69    37    26    55    77    32    36    58    44    29  1904 20
  37    39    56    49    19    55    45    21    37    50    40    28  1904 21
  74    23    63    71    17    46    55    35    62    55    37    25  1904 22
  63    35    60    77    25    56    68    41    65    44    69    37  1904 23
  71    32    58    73    17    44    60    65    53    36    60    40  1904 24
  43    26    62    75    30    46    58    85    41    71    59    25  1904 25
  34    32    52    54    22    26    52   118    40    72    65    44  1904 26
  24    30    51    45    30    22    43   113    34    85    57    16  1904 27
  17    27    56    52    41    19    47   124    28    95    52    21  1904 28
   9    18    67    58    27    28    58   124    23    57    64    26  1904 29
   8          47    58    35    39    56   100    28    66    47    23  1904 30
   0          44          25          51    63          76          40  1904 31
-------------------------------------------------------------------------------
 31.6  24.5  37.2  43.0  39.5  41.9  50.6  58.2  30.1  54.2  38.0  54.6   Mean
-------------------------------------------------------------------------------
Yearly Mean = 42.0
