                           DAILY SUNSPOT NUMBERS 1958
===============================================================================
 Jan   Feb   Mar   Apr   May   Jun   Jul   Aug   Sep   Oct   Nov   Dec   Yr Day
-------------------------------------------------------------------------------
 214   150   109   290   250   200   165   262   200   223   217   241  1958 01
 213   168    90   292   246   154   164   250   221   220   212   234  1958 02
 200   161   140   245   269   183   190   200   230   207   205   228  1958 03
 217   144   185   253   268   203   203   177   240   175   192   221  1958 04
 191   177   203   244   267   206   209   198   206   157   177   233  1958 05
 192   187   215   238   223   192   214   209   220   140   152   227  1958 06
 205   197   220   246   198   185   212   223   175   125   133   242  1958 07
 210   181   198   246   177   200   205   230   160   115   114   255  1958 08
 232   168   186   204   150   202   193   253   166   116    97   252  1958 09
 252   167   181   197   181   200   201   244   219   121    85   258  1958 10
 253   171   173   159   166   193   175   253   245   123    84   237  1958 11
 255   177   162   140   172   197   130   228   267   135    85   211  1958 12
 271   168   154   127   114   178   138   220   265   138    93   198  1958 13
 279   174   158    96   103   160   135   202   233   142    97   185  1958 14
 291   159   165    99   106   132   135   190   230   160    95   150  1958 15
 278   148   155   108   110   100   144   177   206   219    95   142  1958 16
 247   147   164   147   116   113   160   163   189   231    80   124  1958 17
 230   139   162   168   123   100   181   152   205   243    80   109  1958 18
 212   141   155   191   140   114   191   128   187   238    98    80  1958 19
 190   160   154   192   132   107   188   131   163   232   106    83  1958 20
 171   170   156   212   162   141   196   145   156   212   125    92  1958 21
 173   170   163   212   165   157   184   160   172   241   142   114  1958 22
 182   173   187   201   171   187   178   192   175   230   155   150  1958 23
 137   182   204   181   199   185   170   183   174   190   178   185  1958 24
 137   187   180   206   189   191   179   198   161   176   211   218  1958 25
 143   174   194   182   170   207   213   180   169   171   237   229  1958 26
 169   153   226   192   157   207   238   196   177   164   247   218  1958 27
 160   125   292   198   160   193   250   202   208   179   258   183  1958 28
 130         302   207   192   200   261   225   217   200   259   168  1958 29
 110         338   208   178   159   268   225   201   193   260   175  1958 30
 132         342         181         263   210         210         175  1958 31
-------------------------------------------------------------------------------
202.5 164.9 190.7 196.0 175.3 171.5 191.4 200.2 201.2 181.5 152.3 187.6   Mean
-------------------------------------------------------------------------------
Yearly Mean = 184.8
