                           DAILY SUNSPOT NUMBERS 1981
===============================================================================
 Jan   Feb   Mar   Apr   May   Jun   Jul   Aug   Sep   Oct   Nov   Dec   Yr Day
-------------------------------------------------------------------------------
 159   148   161   153   112    62   149   121   205   216   165   193  1981 01
 141   132   182   170   133    59   140   105   183   206   222   197  1981 02
 122   150   169   148   156    44   140   112   160   219   218   212  1981 03
 113   126   173   151   152    58   112   109   170   189   221   212  1981 04
  94   133   141   146   162    55   112   113   195   195   233   219  1981 05
  71   172   147   132   192    57    85   102   220   169   199   234  1981 06
  95   158   130   152   171    58    66   107   205   171   192   244  1981 07
 108   129   142   195   177    46    62   115   208   185   184   249  1981 08
 126   124   124   199   168    58    65   121   190   177   134   258  1981 09
 120   157   127   199   148    59    99   138   196   144   147   253  1981 10
 123   172   130   200   169    72   130   136   164   131   146   263  1981 11
 126   185   128   193   183    79   139   140   138   123   160   240  1981 12
 123   143   127   197   149    86   153   134   132   171   158   185  1981 13
 106   142   128   180   140    99   145   140   148   187   178   159  1981 14
 106   124   110   212   141   111   150   153   129   212   139   113  1981 15
  81   129   128   197   127   109   161   134   138   223   126    66  1981 16
  72   120   109   213   124   119   171   125   129   219   103    80  1981 17
  79   131    95   214   119   104   161   148   145   210   108    79  1981 18
  78   138    95   203   100    90   151   175   156   189    90    74  1981 19
  88   133   120   199    77    71   145   188   137   183    82    57  1981 20
  99   131   135   154    99    87   122   222   175   145    82    65  1981 21
  99   128   134   122   106   106   129   220   172   145    73    75  1981 22
 115    98   130   103    93   119   162   200   137   118    65    86  1981 23
 113   124   125    92    96   109   196   178   135   109    59    68  1981 24
 115   137   142   119    93   127   213   189   142   101    60    62  1981 25
 120   148   133    90   105   127   206   215   153    92    60   100  1981 26
 135   175   126    81    99   133   218   222   181    75    77   104  1981 27
 142   170   165    72    93   123   208   214   195    92   130   136  1981 28
 165         160   100    92   138   159   194   191   131   148   132  1981 29
 158         152   106    83   161   156   233   190   152   165   112  1981 30
 143         132          92         152   216         156         126  1981 31
-------------------------------------------------------------------------------
114.0 141.3 135.5 156.4 127.5  90.9 143.8 158.7 167.3 162.4 137.5 150.1   Mean
-------------------------------------------------------------------------------
Yearly Mean = 140.4
