                           DAILY SUNSPOT NUMBERS 1992
===============================================================================
 Jan   Feb   Mar   Apr   May   Jun   Jul   Aug   Sep   Oct   Nov   Dec   Yr Day
-------------------------------------------------------------------------------
 141   238   166   103    88    31    78    65    47    85   104    65  1992 01
 144   221   124    95    86    38    66    90    49    98    88    56  1992 02
 177   194   106    88    90    72    63   103    44    95    68    59  1992 03
 184   178    92    64    98    74    71   103    46   105    86    59  1992 04
 183   164    65    50    96    81    78    94    47   122    95    51  1992 05
 185   159    69    60    93    70    77    89    52   113    95    48  1992 06
 190   157   103    64    72    64    79    86    44   103    96    34  1992 07
 204   179   106    57    82    60    83    93    38    88    74    63  1992 08
 193   187   118    58    79    70   102    93    57    91    76    91  1992 09
 183   173   125    54    73    74   129    74    54    73    74    99  1992 10
 155   182   122    62    68    82   133    60    59    57    84   116  1992 11
 143   141   125    66    80   102   132    53    63    41    83   109  1992 12
 142   148   138    68    87    86   126    61    77    36    62   113  1992 13
 108   137   130    75    78    77   151    82    77    43    69   115  1992 14
 107   111   110    82    65    60   161    76    75    40    70   112  1992 15
  87   110   107    97    45    64   159    96    76    54    84   109  1992 16
  76   109    85   117    41    64   140    90    62    55   100   105  1992 17
  71    99    75   129    59    59   102    71    54    73   102    98  1992 18
  88   101    78   139    54    63    88    69    63    92   108    97  1992 19
 115   117    88   163    59    56    66    59    62    75    98    97  1992 20
 142   137    91   176   110    55    65    48    65    98    85    84  1992 21
 127   144    90   171   106    69    67    44    66   104    95    91  1992 22
 117   150    92   166   113    73    54    36    89    95   115    79  1992 23
 112   188   109   146    99    70    43    38    90   114   122    78  1992 24
 127   192   119   159    66    64    37    20    75   113   125    81  1992 25
 148   196   116   123    57    59    54    30    84   125   116    90  1992 26
 173   192   111    96    80    38    61    34    86   138   116    73  1992 27
 187   191   110    97    59    43    53    33    62   131    99    86  1992 28
 196   176   121    89    41    70    39    40    72   111    92    78  1992 29
 219         107    80    30    67    47    35    81   100    74    69  1992 30
 225         111          33          53    36          82          56  1992 31
-------------------------------------------------------------------------------
150.0 161.1 106.7  99.8  73.8  65.2  85.7  64.5  63.9  88.7  91.8   82.6
-------------------------------------------------------------------------------
Yearly Mean = 94.3
