                           DAILY SUNSPOT NUMBERS 1846
===============================================================================
 Jan   Feb   Mar   Apr   May   Jun   Jul   Aug   Sep   Oct   Nov   Dec   Yr Day
-------------------------------------------------------------------------------
  32    26    74          74    15    52    34    87    51    34        1846 01
  30    24    82          75    15          34   112    49    80    44  1846 02
  49    35    95    67    89    29    44    42    99          70        1846 03
        54   116          55    42    50    14    55                    1846 04
  34          70    36          35    37    29    61    91              1846 05
  57    17    64    55          39    35    35                      54  1846 06
             100                52    34    30    49    91          55  1846 07
        37                31   104          19    57    76              1846 08
        36    69    19    29   116    20    36    55    94              1846 09
  35    20    55    29    30          22    39          40    54        1846 10
                    40         104    39    21   120    30         100  1846 11
   0    36    18    30    61   107          32   105                    1846 12
  16          30    34   109    95    21    39               137    86  1846 13
  21    50          56          74    40         122    46          82  1846 14
  25    27    22          92    75    21    50          19          87  1846 15
  24          36                79    40    67   116    37   102        1846 16
  37    42    46         130    83    44    72          54    77    50  1846 17
  36    42    54    87          75    59    64   139          60    47  1846 18
  35    42         100    74    69    66         162          40        1846 19
                          89    61               130          55        1846 20
  49    44    59          56    99          49          60    66        1846 21
  47    80    56   102          65    67    80   131    70    35        1846 22
  56    75         128    50    74    65   104   132    57              1846 23
  69   119         107    49    87    56         139          56        1846 24
              84    89          67    49   151   139                    1846 25
       116    69   155    32          44   121   129                50  1846 26
        74    76    46          42    74    63   117                    1846 27
  84    75    60    54    15    62    54    56   111          37        1846 28
                    82    49    42    55    79    96    30    34        1846 29
              70          42    16    71                      29        1846 30
                          28          50    64                          1846 31
-------------------------------------------------------------------------------
 38.7  51.0  63.9  69.3  59.9  65.1  46.5  54.8 107.1  55.9  60.4  65.5   Mean
-------------------------------------------------------------------------------
Yearly Mean = 61.5
