                           DAILY SUNSPOT NUMBERS 1910
===============================================================================
 Jan   Feb   Mar   Apr   May   Jun   Jul   Aug   Sep   Oct   Nov   Dec   Yr Day
-------------------------------------------------------------------------------
  55    27    12     7     9    20    10    17    22    84    15     0  1910 01
  55    23    26     7     9    28    25    22    14    79     7     0  1910 02
  47     7    21     7     7    20    24    21    19    50    14     0  1910 03
  37     0    38     0    15    27    36    23    21    43     0     0  1910 04
  21     0    42     0    25     7    34    28    29    39     0     0  1910 05
  20     0    23     0    19     7    30    25    25    25     0     0  1910 06
  19     0    24     0    17    17    11    17    19    11     0     0  1910 07
  20     0    27     0    18    14    21    30    17    32     0     0  1910 08
  20     0    27     7    21     7    17    27    18    23     0    13  1910 09
  13     7    25    10    20    14    11    24    16    17     0    15  1910 10
   7    16    28     7    12     7    18    24    25    20     0    13  1910 11
   9    21    28    11    21     7    24    12     8    15     0    17  1910 12
   8    28    19    10    17     9     8    10     7    10     0    17  1910 13
   7    24    25    16    26     6     7     9     0    15     0    17  1910 14
  10    35    22    30    31     0     8     7     0     0     0    11  1910 15
   9    46    26    20    48     7     7     9     0    13    13    11  1910 16
   7    43    17    25    35     9    11    10     0    26    22     0  1910 17
   9    33    19    16    41     7     9    11    21    43    17    14  1910 18
  17    67    22    15    49     0     8    11    21    60    19     7  1910 19
  26    40    22     8    43     0     7     0    26    43    15     7  1910 20
  28    67    19     8    36     0     6     0    36    46    10    10  1910 21
  37    77     7     8    50     0     0     0    23    51     7    11  1910 22
  40    56    13     7    23     7     0     0    24    72     9     7  1910 23
  47    86    14     7     8     8     0     0    32    67     0     0  1910 24
  44    66    33     0    15    17     0     0    39    98     0     0  1910 25
  39    44    18     0    11    34     0     0    54    69     0     0  1910 26
  32    31    22     0    11    33    19     0    50    42     0     0  1910 27
  35    37    15     0    12    27    32     0    66    32     0     9  1910 28
  34           7    11    11    11    20     0    64    27     0     0  1910 29
  32          11    15    10    18    19     6    91    18     0     0  1910 30
  35          11          18          16    15          18           0  1910 31
-------------------------------------------------------------------------------
 26.4  31.5  21.4   8.4  22.2  12.3  14.1  11.5  26.2  38.3   4.9   5.8   Mean
-------------------------------------------------------------------------------
Yearly Mean = 18.6
