                           DAILY SUNSPOT NUMBERS 1986
===============================================================================
 Jan   Feb   Mar   Apr   May   Jun   Jul   Aug   Sep   Oct   Nov   Dec   Yr Day
-------------------------------------------------------------------------------
   0    18    16     9    15     7     0    12     9    12    44     0  1986 01
   0    33    33    10    26     0     0    11     9    14    35     0  1986 02
   0    52    34    10    15     0    11    11     8    23    37     0  1986 03
   0    55    32     0    12     0    14    11     8    24    37     0  1986 04
   0    53    33     0    10     0    18    11     0    24    35     0  1986 05
   0    47    33     0     0     0    29    10    11    22    31     0  1986 06
   0    52    38     0     0     0    29     8    13    27    24     0  1986 07
   0    54    29     9     0     9    29     9    12    20    15     0  1986 08
   0    47    22     0     0     0    17     8    10    32    10    12  1986 09
   0    35    20     9     0     8    36     0     8    29     9    20  1986 10
   0    37    18    13     0     0    39     0     8    23     9    23  1986 11
   0    25    13    14     0     0    36     0     0    26     0    22  1986 12
  13    22     8    13     0     0    25     0     0    22    14    24  1986 13
  16    16     0    26     0     0    16     0     0     0    12    13  1986 14
  13    11    10    25    10     0    28     0     0     0    12     0  1986 15
  10     0     0    21    12     0    26     9     0    11    12    11  1986 16
   0     0     0    13    13     0    28     8     0    16    12     9  1986 17
   0     0     0    15    22     0    14     0     0    22    12     0  1986 18
   0     0     0    13    27     0    13     0     0    31    12     0  1986 19
   0    10    12    16    27     0    18    11     0    39    12     0  1986 20
   0    10    13    22    30     0    21    12     0    47    11    11  1986 21
   0    10    10    20    27     0    22    12     0    57    10    16  1986 22
   0    10    15    42    24     0    14    14     0    71    18    16  1986 23
   0     8    14    58    24     0     0     9     0    76    12    13  1986 24
   0    11    10    43    22     8     0     9     0    68     0     9  1986 25
   7     9    10    43    28     0     0     9     0    60     0     0  1986 26
   0    15    11    33    19     0    12     9     0    65    13     0  1986 27
   0    10    13    23    18     0    13     9     0    61     0     0  1986 28
   0          11    28    19     0    17     9     8    63     8     0  1986 29
  10          11    27    13     0    19     9     9    62     0     0  1986 30
  10           0          12          17     9          50          11  1986 31
-------------------------------------------------------------------------------
  2.5  23.2  15.1  18.5  13.7   1.1  18.1   7.4   3.8  35.4  15.2   6.8   Mean
-------------------------------------------------------------------------------
Yearly Mean = 13.4
