                           DAILY SUNSPOT NUMBERS 1977
===============================================================================
 Jan   Feb   Mar   Apr   May   Jun   Jul   Aug   Sep   Oct   Nov   Dec   Yr Day
-------------------------------------------------------------------------------
  20    15     0     7    15    44    42    17    22    43    44    20  1977 01
  32    19     8    11    14    43    45    15    29    37    40    20  1977 02
  25    19     8    10    22    43    42    24    29    47    25    31  1977 03
  25    16     8     7    23    49    39    19    25    47    22    47  1977 04
  24    18     8     7    18    40    40    23    20    48    25    58  1977 05
  13     7     9     8    16    39    40    26    26    55    27    58  1977 06
   0     7     8     7    12    41    25    28    25    57    34    55  1977 07
   0    26    20     0    19    38    20    25    18    52    27    45  1977 08
   0    21    20     0    25    33    17    30    30    47    31    58  1977 09
   0    25    19     0    29    29    23    25    40    38    25    75  1977 10
  14    28    19     8    34    27     9    23    45    28    26    71  1977 11
  22    48    14    12    35    22     8    29    51    33    27    62  1977 12
  23    68     8    16    26    20    10    40    48    53    28    44  1977 13
  22    61     7    22    33    25     7    40    47    48    31    37  1977 14
  24    45     0    29    26     8     0    42    53    54    39    41  1977 15
  18    49     0    31    25     8     0    38    56    53    49    39  1977 16
  30    47     8    32    20     8     0    36    53    51    51    29  1977 17
  26    37     0    29    12    21     0    40    60    50    54    33  1977 18
   7    25     0    22     0    33     7    35    59    54    52    40  1977 19
   0    14     0    12    11    21     8    33    60    54    38    23  1977 20
  15     9     0    20    14    28     8    33    58    42    32    23  1977 21
  24     9    10    19     7    40    23    38    42    35    28    17  1977 22
  34     9     9    18     7    57    30    15    41    30    24    23  1977 23
  35     8     7     8     7    60    38    19    48    29    18    31  1977 24
  20     8    14     0     0    74    42    25    46    28    10    35  1977 25
  14     8     8    14     7    71    42    34    49    30     9    41  1977 26
   0     0     9     8    13    74    37    38    54    38    14    50  1977 27
  13     0    16    11    16    65    26    36    61    37     9    45  1977 28
  11          16    10    20    50    16    40    64    42    10    58  1977 29
   8           8     9    30    45    10    36    60    45    23    64  1977 30
  10           8          40           8    31          52          67  1977 31
-------------------------------------------------------------------------------
 16.4  23.1   8.7  12.9  18.6  38.5  21.4  30.1  44.0  43.8  29.1  43.2   Mean
-------------------------------------------------------------------------------
Yearly Mean = 27.5
