                           DAILY SUNSPOT NUMBERS 1965
===============================================================================
 Jan   Feb   Mar   Apr   May   Jun   Jul   Aug   Sep   Oct   Nov   Dec   Yr Day
-------------------------------------------------------------------------------
  23    14    16     0     0     9    18     0    20    52    29    13  1965 01
  26    13     7     0    14    24    20     0    20    63    28     8  1965 02
  31    13     0     0     8    36    19    15    21    60    20     8  1965 03
  31    13     8     0     8    38    17    14    22    62    13     8  1965 04
  26    10    13     0     7    34     8     0    22    55    13     8  1965 05
  19    23    26     0     0    30    17    16    19    39    29     8  1965 06
  18    23    26     0    11    32    22     7    23    27    40     8  1965 07
  17    17     7     0    15    24    29    31    22     7    46    15  1965 08
  11    23     0     0     9    23    33    12    18     8    38     7  1965 09
   8    17    12     0     0     9    29    14    15    13    41     7  1965 10
   7    17     9     0     0     7    35    16    19     8    40     0  1965 11
   0    23    18     9    15     0    30    13    17     9    26     0  1965 12
   0    25    16     9    21     0    23     8    17     8    17    14  1965 13
   7    16    17    15    15    14    12     7     8     7    16     0  1965 14
   8    23    12    27    30     0    11     0     8     0    10    14  1965 15
   7    15     9    18    36     0     8     0    16     7     9    22  1965 16
   7     8    11    17    55    12     7     0     8     0     7    21  1965 17
  20     8    22     8    72    25     0     7     9     0     0    20  1965 18
  22     0    17     7    75    16     0     7     7    10     0    18  1965 19
  28     0    19     7    72    21     0     7     0    12     0    15  1965 20
  23     7     9     9    70    19     0     7     0    15     0    10  1965 21
  22     0     0    15    62    14     0     0     0    26     7    11  1965 22
  13     0     0    17    50     7     0     0    11    23     0     9  1965 23
  19    13     7    10    43     7     0     8    17    16     7     8  1965 24
  18    15    17     7    30     7     7     0    13    24     0    12  1965 25
  18    22    10    11    22     7     0     8    17    17     7    23  1965 26
  34    23    18    10     7     8     7    14    24    17     0    29  1965 27
  17    18    12     8     0    23     0    12    23     9     8    64  1965 28
  25           9     0     0    18     0    16    37     8     8    64  1965 29
  22           9     0     0    14     9    15    50     8    15    44  1965 30
  15           8           0           7    22          14          38  1965 31
-------------------------------------------------------------------------------
 17.5  14.2  11.7   6.8  24.1  15.9  11.9   8.9  16.8  20.1  15.8  17.0   Mean
-------------------------------------------------------------------------------
Yearly Mean = 15.1
