                           DAILY SUNSPOT NUMBERS 1864
===============================================================================
 Jan   Feb   Mar   Apr   May   Jun   Jul   Aug   Sep   Oct   Nov   Dec   Yr Day
-------------------------------------------------------------------------------
  14    67    94    51    22    58    18    44    42    32    76    84  1864 01
  21    60   109    16    19   113    52    34    39    23    77    90  1864 02
  29    61   105    36    42    85    51    40    38    21   100    60  1864 03
  19    42    88    35    46   106    52    45    53    52    60    37  1864 04
  14    50    60    34    51   124    57    53    26    29    57    27  1864 05
  35    21    41    58    51   121    58    59    26    27    49    11  1864 06
  51    45    52    58    36   144    54    92    23    21    52    16  1864 07
  45    59    51    54    34    87    57   105    24    37    51    10  1864 08
  42    45    72    54    34   127    81   127    32    43    52    11  1864 09
  36    46    67    36    33    82    81   117    43    23    75    10  1864 10
  29    51    73    36    16    45    88   100    33    34    74    22  1864 11
  42    16    50    37    44    37   118   133    35    11    56    21  1864 12
  46    37    55    36    36    57    91   134    35    17    51    10  1864 13
  46    19    55    34    21    48    66   107    27    35    16    19  1864 14
  52    19    55    34    40    51   107    96    10    33    34    28  1864 15
  73    36    55    41    40    57    67    66    28    20    40    33  1864 16
  79    55    70    44    45    40    72    37    28    14    47    30  1864 17
  93    87    87    50    45    64    60    35    35    11    38    24  1864 18
  70    51    52    52    45    21    37    21    18    17    40    25  1864 19
 106    58    52    50    63    32    37    21    25    16    40    78  1864 20
 118    51    52    43    73    27    56    18    23    39    40    19  1864 21
 103    34    67    50    73    30    36    12    10    21    40     0  1864 22
 102    36    62    29    52    24    50    11     0    69    57    21  1864 23
  82    34    69    31    34    21    16    14    23    74    73    23  1864 24
 102    33    70    30    21    33    27     0    43    50    78    26  1864 25
  96    51    70    14    21    21    16     0    33    44    63    29  1864 26
  64    52    70     0    27    30    34    14    35    61    49    27  1864 27
  49    72    75     0    52    16    37    25    24    30    73    33  1864 28
  37    79    70     0    36    16    34    33    23    43    83    40  1864 29
  46          56    32    51    18    39    56    21    47    86    11  1864 30
  49          52          55          47    49          56          11  1864 31
-------------------------------------------------------------------------------
 57.7  47.1  66.3  35.8  40.6  57.8  54.7  54.8  28.5  33.9  57.6  28.6   Mean
-------------------------------------------------------------------------------
Yearly Mean = 47.0
