                           DAILY SUNSPOT NUMBERS 1909
===============================================================================
 Jan   Feb   Mar   Apr   May   Jun   Jul   Aug   Sep   Oct   Nov   Dec   Yr Day
-------------------------------------------------------------------------------
  59    80    89    56    45     7    13    30    28    26    61   121  1909 01
  61    70    97    63    41     7     9    29    18    43    58   108  1909 02
  36    56   137    41    32     0     7    31    14    57    66    85  1909 03
  38    31   108    29    19    17     7    26    15    56    70    82  1909 04
  37    21    60    44    25    24     7    30    25    67    92    47  1909 05
  18    14    88    32    17    37    22    25    37    76    93    52  1909 06
  52    13    29    29    25    29    27    22    41    75    73    31  1909 07
  58     7    23    22    40    31    14    13    58    55    62    20  1909 08
  48     7    29    16    40    31    12    18    59   112    40    17  1909 09
  52     8    25     8    61    15    16    21    66   114    22    13  1909 10
  32    35     7     9    52     7     0    25    71    81    26     0  1909 11
  28    77    31     8    56    14     0    36    72   109    27     0  1909 12
  23    46    26    11    65    18    20    29    52   116    18    11  1909 13
  25    44    19     7    59    23    20    37    22   100    32    14  1909 14
  28    53    16     7    62    26    22    44    22    86    36    18  1909 15
  35    59    22    22    52    45    26    38    20    83    35    23  1909 16
  31    52    18    29    38    41    34    29    21    58    31    39  1909 17
  37    42    31    26    41    50    43    17    28    44    41    60  1909 18
  40    28    43    46    29    28    76    24    38    42    44    71  1909 19
  37    32    43    39    27    16    65    14    37    37    47    77  1909 20
  40    29    61    70    39    26    69    14    41    26    52    75  1909 21
  64    30    87    71    47    22   103    15    42    20    47    76  1909 22
  66    51   109    53    40    28   104    19    55    30    47    56  1909 23
  75    62   103    56    34    19    77    20    61    31    47    59  1909 24
 100    66   126    35    22    17    92    20    46    49    67    71  1909 25
  75   107   109    28    24    21    75    24    29    44    70    63  1909 26
 101    96    76    22    21    22    47     8    19    22    79    82  1909 27
 128    89    98    20    23    31    30     0    42    25    84    89  1909 28
 135         113    28    22    14    30    19    44    22   109    76  1909 29
  95         131    41    10    13    17    16    41    41    97    78  1909 30
 105         100           7          25    24          63          65  1909 31
-------------------------------------------------------------------------------
 56.7  46.6  66.3  32.3  36.0  22.6  35.8  23.1  38.8  58.4  55.8  54.2   Mean
-------------------------------------------------------------------------------
Yearly Mean = 43.9
