                           DAILY SUNSPOT NUMBERS 1917
===============================================================================
 Jan   Feb   Mar   Apr   May   Jun   Jul   Aug   Sep   Oct   Nov   Dec   Yr Day
-------------------------------------------------------------------------------
  86    48    63    65   134   137   107   114   152    44    84   116  1917 01
  67    45    60    31    92   109   104    88   118    61    79   136  1917 02
  58    58    99    30   112    89   100    94   105    47    97   140  1917 03
  55    72   132    15   120    88   110   107   116    37    80    83  1917 04
  58    82   121     7    98    65   127   133   148    56    73    62  1917 05
  72    90   132    29    88    74   112   199   130    65    66    56  1917 06
 112   124   106    24    94    79   148   268   101    68    85    61  1917 07
  85    99   117     7    68    86   138   262    82    58   104    74  1917 08
  94   104   107    14    59   101   125   217   101    66    80    48  1917 09
  83   121    93    13    57    99   129   244   106    49    94    41  1917 10
 105   122   110    28    76   125   165   248    90    61    72    72  1917 11
 110   116   104    76    89   139   218   243    93    39    80   116  1917 12
  91   116   110   108    94   140   152   225    95    61    78   148  1917 13
  61    97   118   149    95   140   173   234   106    59    71   154  1917 14
  51    98    92   160    91   127   131   210    99    41    82   161  1917 15
  51    95    86   147   110   148   119   172    97    54    89   137  1917 16
  51    97    95   150   140   163   129   139   119    68    97   151  1917 17
  58    81    89   110   121   149    76   141   140    73   100   121  1917 18
  62    54    82   107   161   143    79   159   149    85    99   166  1917 19
  44    58    77    91   118    91    67   124   182    93    88   159  1917 20
  58    49    77    68    93    95    55   133   209   110    92   181  1917 21
  57    46    69    90   121    99    85   126   207    77   121   159  1917 22
  60    19    69   103   138    92    74   102   206   118   100   164  1917 23
  70    31    96    88   138   107    94    81   208   137   122   193  1917 24
  78    14    97   104   160   102   131    83   208   132   101   207  1917 25
  94    25   115   102   136   107   120   115   173   118   107   190  1917 26
  95    23   108    96   163   135   121    96   128   103   115   179  1917 27
 124    29    92    64   170   163   122   106    69    60   132   147  1917 28
  83          80    58   143   136   145   103    85    65   143   141  1917 29
  84          80   108   111   119   135   106    59    58   162   130  1917 30
  58          64         148         124   119          75         116  1917 31
-------------------------------------------------------------------------------
 74.7  71.9  94.8  74.7 114.1 114.9 119.8 154.5 129.4  72.2  96.4 129.3   Mean
-------------------------------------------------------------------------------
Yearly Mean = 103.9
