                           DAILY SUNSPOT NUMBERS 1960
===============================================================================
 Jan   Feb   Mar   Apr   May   Jun   Jul   Aug   Sep   Oct   Nov   Dec   Yr Day
-------------------------------------------------------------------------------
 136   173    63   154    97   100   167    75   103    22    76    74  1960 01
 141   181    57   143    97    90   157    58   105    34    79    92  1960 02
 148   177    62   152   102   109   163    36    80    22    69   101  1960 03
 160   156    66   162    96   113   203    30    75    53    67   111  1960 04
 168   149    74   156    87   104   168    25    83    70    77   102  1960 05
 174   145    79   143    93   109   139    24   100    92    90   104  1960 06
 179   123   108   123   125   123   133    56   110   113   116    94  1960 07
 171   116   111   112   135   113   134    58   121   110   132    99  1960 08
 158   143   109    98   142   129   123    76   138   128   127    97  1960 09
 139   143   109   103   149   147   108    94   147   140   137   103  1960 10
 143   128    82   114   147   149    95   156   145   133   134   102  1960 11
 123   116    68   139   127   151    83   201   147   116   116   101  1960 12
 108   106    85   132   135   131    84   235   160   123   122    92  1960 13
 118   104    76   149   110   138    89   236   161   106   132   101  1960 14
 121    94    84   156    91   144   105   252   151    98   133   108  1960 15
 119    84    98   152   101   138   132   244   128    98   121   103  1960 16
 117    73    86   124   114   105   136   253   122   103   103    92  1960 17
 103    60    85   116   106    91   140   257   153    98    93    82  1960 18
  87    44    95   121   108    84   141   228   166    96    83    70  1960 19
  94    49    97   116   115    60   137   204   171    92    82    71  1960 20
 108    56   115   123   109    56   139   177   177    82    72    63  1960 21
 134    64   128   108   118    50   135   168   189    60    66    44  1960 22
 138    68   145   106   125    58   127   130   168    54    59    35  1960 23
 136    74   123   102   147    68   105   113   157    49    52    37  1960 24
 152    89   128    95   148    80   110   131   141    62    42    57  1960 25
 209    96   133    96   124    99    92   140   114    72    60    48  1960 26
 203    92   138    82   148   116    90   109    97    67    58    70  1960 27
 199    87   139    91   142   140    80    98    89    52    57    86  1960 28
 193    83   142    92   138   147    94    97    74    72    64    94  1960 29
 178         151   100   121   165    82    96    44    82    69   103  1960 30
 178         132         111          83   100          68         118  1960 31
-------------------------------------------------------------------------------
146.3 106.0 102.2 122.0 119.6 110.2 121.7 134.1 127.2  82.8  89.6  85.6   Mean
-------------------------------------------------------------------------------
Yearly Mean = 112.3
