                           DAILY SUNSPOT NUMBERS 1888
===============================================================================
 Jan   Feb   Mar   Apr   May   Jun   Jul   Aug   Sep   Oct   Nov   Dec   Yr Day
-------------------------------------------------------------------------------
  11     9     3     3     0     2     0     3    20     0     0    15  1888 01
  12    10     0     3     0     2     0     5    11     0     0    17  1888 02
  11     0     0     0     0     0     0     4    18     3     0    17  1888 03
  15     1     0     8     0     0     0     2    16     0     0    17  1888 04
  12     0     0    10     0     0     0     0    21     0     7    13  1888 05
  12     0     0     0     0     0     6     0    20     0    10    11  1888 06
   3     2     0     0     0     0     6     0    17     0     9     6  1888 07
  12     0     0     0     0     2     2     4    16     0    21     6  1888 08
  11     0     3     0     0    15     0     4    17     0     9     3  1888 09
  19     0    13     0     0    17     2     0     6     0    15     1  1888 10
  24     6    24     0     2    17     5     0     5     0    19     0  1888 11
  20     0    39     0    13    17     3     3    13     3    20     0  1888 12
  16     0    18     0    19    13     9     4    14     0    36     0  1888 13
  18     0    18     0    19    22    16     0     9     0    26     0  1888 14
  15     0    18     2    23    17    19     0     3     0    16     4  1888 15
  15     0    17     3    25    17    14     0     0     0    14    21  1888 16
  18     0    16     3    22     0     5     0     0     0    11    15  1888 17
  18     7    16     3    21     3     2     0     0     0    14    16  1888 18
  21    13    14     3    15     4     0     0     0     0    13    14  1888 19
  36    14     3     1    18     3     0     0     0     0    11    13  1888 20
  36    19     5     3    15     0     0     0     4     2    16    12  1888 21
  15    27     0     6    13     0     0     0     4     3     6     2  1888 22
   9    24    18    11    11     0     0     0    12     0     2     0  1888 23
   0    20    12    14     0     3     0     0    11     3     0     2  1888 24
   0    17     3    27     0     8     0     0     6    14     0     0  1888 25
   0    12     1    23     0    15     0     0    12    14     0     0  1888 26
   0     7     2    19     0    14     2     0     3    12     3     0  1888 27
   0    14     0     6     0    15     2     0     3     4    14     0  1888 28
   0     3     0     5     0     7     0    17     2     6    16     0  1888 29
   0           0     0     0     0     2    19     0     0    14     2  1888 30
  15           0           2           0    21           0           0  1888 31
-------------------------------------------------------------------------------
 12.7   7.1   7.8   5.1   7.0   7.1   3.1   2.8   8.8   2.1  10.7   6.7   Mean
-------------------------------------------------------------------------------
Yearly Mean = 6.8
