                           DAILY SUNSPOT NUMBERS 1825
===============================================================================
 Jan   Feb   Mar   Apr   May   Jun   Jul   Aug   Sep   Oct   Nov   Dec   Yr Day
-------------------------------------------------------------------------------
   0          40     0    12    20    78    18     0    28     0    13  1825 01
   0     7    40     0    14    17    87    31     0    27     0    14  1825 02
   0          40          10    14    39    26     0    26     0    16  1825 03
   0    15    56          14    13          14     0    28     0    33  1825 04
   0    16    37     0    12    16    24     0    43    29     6        1825 05
   0    30    60     0    12    14    25    14          28              1825 06
   0    27    83     0    10    15    22    14           0           0  1825 07
   0    26    34     0    12    21    26    14           0    20        1825 08
   0    52    62     0    14    20    26    14    14     0    14     0  1825 09
   0    79    57     0    12    15    21    14    31     0     7     0  1825 10
   0    38    11     0    12    21    12    14    12     0    14    23  1825 11
   0    24          17    28     0    12    14     0     0    15    12  1825 12
   0    13           0    23     0    43    14     0     0          14  1825 13
   0     0    20          14     0    29    14     0     0          12  1825 14
   0     0           0    24    17    49    53     0     8          12  1825 15
   0     0    15    15    24     0     0    26    14    13    13    12  1825 16
   0     0           0    17    23    50    22    23    11          12  1825 17
   0           0     0    17     0    53          13    12     6        1825 18
   0    18     0     0    19     0    58    53    29           7    27  1825 19
   0    27     0          17          31    76    29                78  1825 20
   0     0     0     0    17    11    37    34    28                56  1825 21
   0     0     0     0    15    21     0    28    45    27          52  1825 22
   0     0     0     0    12    21     8    35    31    49    43    51  1825 23
  31     0     0                46    23    42    21    24          20  1825 24
         0     0     0    16    11    11    42     0    45              1825 25
  27     0     0    32          11    36    41    23          27        1825 26
  15     0     0     0          21    20    60    34    24    14    25  1825 27
  26          33     0          24    23    27    18                25  1825 28
  37          18    20                49     6          11    12        1825 29
  10           0    10          40    16    12     0          13        1825 30
               0          10          19     0           0           0  1825 31
-------------------------------------------------------------------------------
  5.0  15.5  22.4   3.8  15.5  15.4  30.9  25.7  15.7  15.6  11.7  22.0   Mean
-------------------------------------------------------------------------------
Yearly Mean = 16.6
