                           DAILY SUNSPOT NUMBERS 1899
===============================================================================
 Jan   Feb   Mar   Apr   May   Jun   Jul   Aug   Sep   Oct   Nov   Dec   Yr Day
-------------------------------------------------------------------------------
  11    20    16    13     7     9    24     0     0    15     8    10  1899 01
  34    29    20     8     7     0    13    11     0     7     7    10  1899 02
  23    27    25    16     7     7    26     0     7     0     0     7  1899 03
  26    25    11    13     7     7    29     0     7     0     0    13  1899 04
  33    20     0    13     7    12    27     0     7     0     0    12  1899 05
  58    22     0    10     0    14    25     0     0     0     0    13  1899 06
  39    10     0     7     0    15    17     0     0     0     0    14  1899 07
  39    20     0     0     0    23    20     0     0     0     0    17  1899 08
  45    13     7     9     0    26    22     0     0     7     0     7  1899 09
  23    12    14    15     0    23    20     0     0     7     0     0  1899 10
  26     8     7    29     0    27    29     0     0    15    13     7  1899 11
  21     0     7    23     7    37    25     0     0     8     7    12  1899 12
  17     0     9    29     7    31    23     0     5     0    25    12  1899 13
  15     7     8    16     1    28    16     0    14     0     7    24  1899 14
  17     0    16    16     7    33    18     0     6     0    14    32  1899 15
  16     0    27    17    16    27    14     0     0     0    18    30  1899 16
  15     0    34    13     0    31     0     0     0     0    23    27  1899 17
   7     0    32    15    14    26     0     0     7     0    20    25  1899 18
   9     7    42    14    15    22     0     0     8     0    19    22  1899 19
   0     7    37    10    25    15     0     0     7     0    10     0  1899 20
   0     2    43    15    11     0     0     0     7     0     1     0  1899 21
   4     8    52    13    10     2     0     0     7     0     0     0  1899 22
  14     7    28    20    10     7     0     0     7    15     7     2  1899 23
  10     0    17    14    13    10     0     0     2    19     5     0  1899 24
  13     0    22    14    12    16     0     7     9    36    12     0  1899 25
  14     0    26    16    11    26    13    20    29    49    11     0  1899 26
  17     0    23    19    11    37    12    20    35    68     0     0  1899 27
  14    13    14    11    10    33     7    13    37    62    11     7  1899 28
  13           7     9     8    47    23     0    34    52     9     8  1899 29
  17           8     8     8    23    14    13    16    24     7     8  1899 30
  13          10           7           3     7          19           7  1899 31
-------------------------------------------------------------------------------
 19.5   9.2  18.1  14.2   7.7  20.5  13.5   2.9   8.4  13.0   7.8  10.5   Mean
-------------------------------------------------------------------------------
Yearly Mean = 12.1
