                           DAILY SUNSPOT NUMBERS 2008
===============================================================================
 Jan   Feb   Mar   Apr   May   Jun   Jul   Aug   Sep   Oct   Nov   Dec   Yr Day
-------------------------------------------------------------------------------
   7    11     0    16     7     0     0     0     0     0     9     0  2008 01
   7     9     0     9     0     0     0     0     0     0    11     0  2008 02
   7     9     7     9     0     0     0     0     0     0    11     0  2008 03
  10     8     0     7     7     0     0     0     0     7    10     0  2008 04
   8     0     0     0     8     9     0     0     0     0     8     0  2008 05
  11     0     8     0     0     0     0     0     0     0     7     0  2008 06
  11     0     0     0     0     0     0     0     0     0     0     0  2008 07
   9     0     0     0     0     0     0     0     0     0     0     0  2008 08
   0     0     0     0     0     0     0     0     0     0     0     0  2008 09
   8     0     9     0     0     9     0     0     0     7     0     9  2008 10
   8     0     0     0     0     8     0     0     7     9    12     8  2008 11
   0     0     0     0     0     7     0     0     0    11    14     9  2008 12
   0     0     0     7     8     8     0     0     0     9     9     0  2008 13
   0     0     0     7     0     0     0     0     0     9     8     0  2008 14
   0     0     7     0     9     7     0     0     0     8     8     0  2008 15
   0     0     7     0    14     7     0     0     0    12     8     0  2008 16
   0     0     7     0    12     7     0     0     0     8     7     0  2008 17
   0     0     0     0    15     8     8     0     0     0     0     0  2008 18
   0     0     0     8    11     7     9     0     0     0     0     0  2008 19
   0     0     0     0     7     8     8     0     0     0     0     0  2008 20
   0     0     0     0     0     8     0     7     0     0     0     0  2008 21
   0     0     0     8     0     8     0     8     8     0     0     0  2008 22
   0     0     0     8     0     0     0     0     9     0     0     0  2008 23
   0     0    19     7     0     0     0     0     0     0     0     0  2008 24
   0     8    32     0     0     0     0     0     0     0     0     0  2008 25
   0     8    36     0     0     0     0     0     0     0     0     0  2008 26
   0     8    35     0     0     0     0     0     0     0     0     0  2008 27
   0     0    34     0     0     0     0     0     0     0     0     0  2008 28
   0     0    30     0     0     0     0     0     8     0     0     0  2008 29
   8          31     0     0     0     0     0     0     0     0     0  2008 30
   8          25           0           0     0           9           0  2008 31
---------------------------------------------------------------------------------------
   3.3   2.1   9.3   2.9   3.2   3.4   0.8   0.5   1.1   2.9   4.1   0.8
-------------------------------------------------------------------------------------------
Values are final.
