                           DAILY SUNSPOT NUMBERS 1854
===============================================================================
 Jan   Feb   Mar   Apr   May   Jun   Jul   Aug   Sep   Oct   Nov   Dec   Yr Day
-------------------------------------------------------------------------------
  18    17    12    15    24    21    16    13    22    23    13    30  1854 01
  19    27    12    12    38    32    16    16    22    35    13    14  1854 02
  34    37     0    36    40    36    11    20    23    33    16     0  1854 03
  25    43     0    37    34    41    29    20    11    51    16     0  1854 04
  17    40     0    38    39    27    18    18    17    42    16    26  1854 05
  21    37     0    49    31    29    36    20    17    53    16    32  1854 06
  25    30     0    49    33     0    38    19    17    39    12    24  1854 07
  25    31     0    56    47    17    41    27    34    35    11    15  1854 08
  31    34    11    54    46    16    40    23    41     0    14    20  1854 09
  17    32    34    54    54    17    29    14    46     0    16    25  1854 10
  19    29    45    55    50    18    26    16    57     0    16    28  1854 11
  19    35    44    55    47    47    15    12    51     0    24    31  1854 12
  21    28    39    36    46    29     0    11    53     0    24    27  1854 13
  13    17    33    35    49    11     0    12    48     0    21    25  1854 14
  14    18    33    14    38    12     0    16    37     0    20    24  1854 15
  15    22    34    12    28    13     0    11    24     0    21    18  1854 16
  17    25    32    12    22    14     0    11    12    11    30    18  1854 17
  17    22    40    13    17    12    16    11     0    11    37    12  1854 18
  16    21    33    24    13    23    17    11     0     0    45    47  1854 19
  14    16    33    33    11    11    17    11     0    11    41    25  1854 20
  11     0    27    25    11    11    30     0     0     0    65    25  1854 21
   0     0    25    18    13    23    32     0     0     0    62    27  1854 22
   0     0    11    22    13    23    33     0     0     0    59    29  1854 23
   0     0    13    14     0    23    22     0    14     0    50    21  1854 24
   0     0    11    14     0    22    15    23    16     0    32    28  1854 25
   0     0    29     0     0    22    15    24    28     0    30    52  1854 26
   0     0    33     0     0    22    16    25    23     0    28    32  1854 27
  11     0    35     0     0    22    14    25    12    13    35     0  1854 28
  14          11     0     0    16    12    24    24    11    29     0  1854 29
  16           0    12     0    22    13    22    23    11    33     0  1854 30
  28          11           0          13    34          13          15  1854 31
-------------------------------------------------------------------------------
 15.4  20.0  20.7  26.5  24.0  21.1  18.7  15.8  22.4  12.6  28.2  21.6   Mean
-------------------------------------------------------------------------------
Yearly Mean = 20.6
