                           DAILY SUNSPOT NUMBERS 1882
===============================================================================
 Jan   Feb   Mar   Apr   May   Jun   Jul   Aug   Sep   Oct   Nov   Dec   Yr Day
-------------------------------------------------------------------------------
  21    46    28    83    23    31    82    45    56    91   102    59  1882 01
  50    64    23    89    37    28    69    55    71   103    99    39  1882 02
  19    68    37    91    43    33    59    39   111    94    75    28  1882 03
  35    71    41    80    43    30    59    28    97   100    72    19  1882 04
  41    74    58    78    50    29    48    25    76    77    82     0  1882 05
  60    68    48    90    54    21    34     7    86    77    72    30  1882 06
  38    62    60   108    78    20    19     8    60    31    80    31  1882 07
  40    87    76   126    72    31     5     7    38     8    81    56  1882 08
  43    85    99    90   119    19     4    31    60     8    56    71  1882 09
  28    92   115    89   125    34    13    38    45    18    50    48  1882 10
  22    93   109   108   112    34    27    40    42    21    57    52  1882 11
  63   114    71   106   108    33    31    33    42    26    80    45  1882 12
  62   106    66   115   119    38    32    38    53    35    65    30  1882 13
  57   101    78   115   115    51    63    38    34    43    59    69  1882 14
  50    78    75   140   103    41    66    37    42    45    62    53  1882 15
  39    89    77   137   113    51    50    18    15    56    78    56  1882 16
  39    87    64   158   115    67    34    16    36    64    63    60  1882 17
  53    91    61   135   113    68    66    36    51    71    90    44  1882 18
  53    56    76   164    96    45    47    39    40    89    81    47  1882 19
  42    47    85   146    74    47    62    42    36    79    76    41  1882 20
  45    52    93   140    58    40    75    60    36    99    89    16  1882 21
  50    56    72   117    39    46    76    60    50    89    58    21  1882 22
  35    63    81    89    31    49    74    78    51    51    86    29  1882 23
  48    66    86    52    14    52    71    60    48    82    98    25  1882 24
  47    47    60    45    20    47    62    67    62    57   108    28  1882 25
  46    25    42    33    15    38    43    55    80    60   102     0  1882 26
  55    25    46    42    13    64    47    55    80    37   133    27  1882 27
  59    34    55    46    13    83    15    60    81    48   136    54  1882 28
  65          69    39    19   100    27    56    78    45   139    51  1882 29
  59          61    22    27    87    18    45    73    66   102    87  1882 30
  32          60          27          30    37          65          81  1882 31
-------------------------------------------------------------------------------
 45.0  69.5  66.8  95.8  64.1  45.2  45.4  40.4  57.7  59.2  84.4  41.8   Mean
-------------------------------------------------------------------------------
Yearly Mean = 59.7
