                           DAILY SUNSPOT NUMBERS 1855
===============================================================================
 Jan   Feb   Mar   Apr   May   Jun   Jul   Aug   Sep   Oct   Nov   Dec   Yr Day
-------------------------------------------------------------------------------
   0     0    17    21     0     0     0     0     0     0    11    17  1855 01
   0    14    21    15    28     0     0     0     0    13    13    18  1855 02
   0     0    30     0    44     0     0     0     0    17     0    18  1855 03
   0     0    44    14    55     0     0    18     0    28     0    31  1855 04
   0     0    33    11    28     0     0    21     0    14     0     0  1855 05
   0     0    29    12    29     0     0    18     0     0     0     0  1855 06
   0    11    18    13    23     0     0    15     0     0     0     0  1855 07
   0    11    38     0    12    12     0    14     0     0     0     0  1855 08
  22    14    23     0     0    17     0     0     0     0     0     0  1855 09
  44    16    16     0     0    18     0     0     0     0     0     0  1855 10
  24    16    16     0     0    25     0     0     0    11     0    11  1855 11
  44    16    15     0     0    20     0     0     0    15    17     0  1855 12
  24    24    14     0     0    16    11    11     0    11    11     0  1855 13
  36    24    14     0     0    21     0     0     0     0     0     0  1855 14
  23    12    14     0     0    15     0     0     0     0     0     0  1855 15
  20    16    11     0    11     0     0     0     0     0     0     0  1855 16
  20    16    11     0    11     0     0     0     0    11     0     0  1855 17
  20    14     0     0    13     0     0     0     0    11     0     0  1855 18
  35    14     0     0    15     0     0     0     0    15    11     0  1855 19
  21    14     0     0    13     0     0     0     0    17    13     0  1855 20
  32     0     0     0     0     0     0     0     0    16    11     0  1855 21
  16     0     0     0     0     0     0     0     0    15     0     0  1855 22
   0     0     0     0     0    14     0     0     0    13     0     0  1855 23
   0     0    22     0     0     0     0     0     0    14     0     0  1855 24
   0    14    38    19     0     0     0     0     0    12     0     0  1855 25
   0    15    16    11     0     0     0     0     0    11     0     0  1855 26
   0    16    23    16     0     0     0     0     0    11     0     0  1855 27
   0    41    24     0     0     0     0     0     0    11     0     0  1855 28
   0          15     0     0     0     0     0     0    11    19     0  1855 29
   0          16     0     0     0     0     0     0    11    19     0  1855 30
   0          21           0           0     0          11           0  1855 31
-------------------------------------------------------------------------------
 12.3  11.4  17.4   4.4   9.1   5.3   0.4   3.1   0.0   9.6   4.2   3.1   Mean
-------------------------------------------------------------------------------
Yearly Mean = 6.7
