                           DAILY SUNSPOT NUMBERS 1938
===============================================================================
 Jan   Feb   Mar   Apr   May   Jun   Jul   Aug   Sep   Oct   Nov   Dec   Yr Day
-------------------------------------------------------------------------------
 117    62    74    83   115   113   119   144   106   130   146    97  1938 01
 109    73    67    81   134   100   116   121   124    94   143    82  1938 02
  86    68    62    80   160   107   157   121   101    55   162    64  1938 03
  76    94    45    80   137   103   151   153   107    90   128    82  1938 04
  80    85    43    91   123    91   141   132   120   106   112    58  1938 05
 101   128    52    95   138    86   184   133   136   102   167    90  1938 06
 102   124    78    95   136   134   175   135   100    92   176   117  1938 07
  86   110    71    85   153   139   186   150    88   102   159   106  1938 08
  59   101    97    87   156   115   175   158    74   143   138   130  1938 09
  92   133   106   103   151   115   183   161    75   152   131   124  1938 10
  98   137   134   110   149   106   205   173    67   132   125   129  1938 11
 104   161   124    97   143    99   211   132    59   134   134   154  1938 12
 106   169   161   119   151    91   229   124    44   121   152   124  1938 13
 111   200   149   115   135    88   208   107    48   122   152   151  1938 14
 118   171   145   117   131    87   200   102    44   103   161   120  1938 15
 134   205   161   133   105    76   173   119    47    78   157   105  1938 16
 110   171   140   107    91    76   161   106    46    71   137    76  1938 17
 110   174   105   112    87    56   148   100    65    31   115    77  1938 18
 104   145    80   100    95    69   151   104    55    20   106    87  1938 19
 119    98    77    99   116    76   153    76    57    58    97    89  1938 20
 123   109    86    89   106   103   147    65    56    55    78    88  1938 21
 122    91    64    75   124   101   118    72    70    46    56    88  1938 22
 149    90    71    82   119    98   157    94    86    61    61    81  1938 23
 108    92    66    95   172    88   189    86    97    66    79    88  1938 24
  94    83    59    92   161    76   202   113   131    91    94    82  1938 25
  76    81    34    92   152    72   179   103   150   104    85    73  1938 26
  67    97    52   124   126   108   156    91   143   114   110    73  1938 27
  76    85    55   144    99   106   151    94   137   138   107    69  1938 28
  59          65   144   104   128   151   114   125   148   103    64  1938 29
  79          73   105    89   119   139   105   131   159    95    44  1938 30
  76          86          91         109    98         155          63  1938 31
-------------------------------------------------------------------------------
 98.4 119.2  86.5 101.0 127.4  97.5 165.3 115.7  89.6  99.1 122.2  92.7   Mean
-------------------------------------------------------------------------------
Yearly Mean = 109.6
