                           DAILY SUNSPOT NUMBERS 1968
===============================================================================
 Jan   Feb   Mar   Apr   May   Jun   Jul   Aug   Sep   Oct   Nov   Dec   Yr Day
-------------------------------------------------------------------------------
 119   208   108   122   126   139    55    98    78    75    89   104  1968 01
 123   211   110   108   144   134    37    91    82    73    76   109  1968 02
 128   199    92    98   143   121    30    92   119   108    76   113  1968 03
 137   170    86    96   138   114    26    94   118   119    81   116  1968 04
 152   137    77    89   127   115    28    94   111   118    97   118  1968 05
 150   114    67    85   142   129    41    95    96   126    92   117  1968 06
 164    86    58    79   135   138    54   100    90   135    92   116  1968 07
 182    97    67    82   128   119    89   113   106   112    89   122  1968 08
 200    95    65    94   122   103    91    98   128    87   105   130  1968 09
 198    92    74   104   117    99    99    90   138    70   111   117  1968 10
 154    89    85    95   106    87   124   104   145    95   106   101  1968 11
 144    76    87    83    82   105   152   116   150    99    94    68  1968 12
 139    67    89    60    91   108   147   142   153    70    94    75  1968 13
 107    69    67    96    80   114   138   165   113    76    85    81  1968 14
  94    87    59   110    95   107   123   172    88    90    84    84  1968 15
  78    85    46   114   103   103   129   170    84    88    84    67  1968 16
  68    94    59    91   114   113   117   160    81    82    82    77  1968 17
  60    78    59    63   136   121    96   148    85   108    77    93  1968 18
  58    65    53    53   138   107   102   136    88   112    80   101  1968 19
  55    72    60    63   140   103    93   122    84   114    92   102  1968 20
  55    79    70    64   142   108    93   138    90   122    84   107  1968 21
  69    82    91    68   143    94    86   143    99   134    81   114  1968 22
  75    93   113    50   149   101    93   126   118   136    76   114  1968 23
  93   119   132    48   165   113   101   108   149   139    67   125  1968 24
  90   161   143    64   146   111   124    86   187   138    80   131  1968 25
  87   150   141    50   121   107   130    77   184   133    89   140  1968 26
  88   126   146    57   139   102   127    67   176   138    87   148  1968 27
 140   124   138    82   133   111   118    49   149   118    73   139  1968 28
 175   120   127    71   135    94   129    64   137   114    73   139  1968 29
 185         154    96   126    88   115    68    91   112    83   119  1968 30
 209         134         136          93    63          99         117  1968 31
-------------------------------------------------------------------------------
121.8 111.9  92.2  81.2 127.2 110.3  96.1 109.3 117.2 107.7  86.0 109.8   Mean
-------------------------------------------------------------------------------
Yearly Mean = 105.9
