                           DAILY SUNSPOT NUMBERS 1961
===============================================================================
 Jan   Feb   Mar   Apr   May   Jun   Jul   Aug   Sep   Oct   Nov   Dec   Yr Day
-------------------------------------------------------------------------------
 145    58    17    87   102    30    60    39    51    45     0    82  1961 01
 133    55    33    60    84    42    65    17    53    47     0    80  1961 02
 109    59    49    55    72    48    68    24    54    58     0    77  1961 03
  84    75    46    73    55    62    63    23    55    55    10    67  1961 04
  78    65    34    86    42    55    44    14    55    48    19    55  1961 05
  69    56    41    82    39    49    55    11    57    45    25    38  1961 06
  63    52    38    64    37    40    57    14    51    43    48    31  1961 07
  58    55    49    66    31    45    60    37    33    46    54    31  1961 08
  61    68    49    49    44    58    65    59    45    47    76    31  1961 09
  53    61    33    48    46    77    73    84    57    53    67    14  1961 10
  43    50    34    47    45    82    85   109    54    58    53     0  1961 11
  35    35    15    42    56    72    96   103    62    76    50     0  1961 12
  28    30    27    40    52    75    86   103    82    47    49     0  1961 13
  25    26    46    41    46    80   113   104   109    44    48    10  1961 14
  27    26    42    53    38   123   107   108   114    53    47     8  1961 15
  43    24    52    60    31   128    99    98   102    46    31     7  1961 16
  53    39    66    78    23   128    92    85    84    39    11     7  1961 17
  51    30    51    72    44   128    82    71    73    44    17    10  1961 18
  50    26    45    65    47   112    86    72    70    52    10    12  1961 19
  45    30    39    56    59   116    85    52    46    38    15    21  1961 20
  50    44    46    52    66   128    85    45    41    47    26    21  1961 21
  44    49    60    38    71   123    75    39    40    33    24    47  1961 22
  35    48    61    36    74    96    81    33    43    16    12    56  1961 23
  23    58    76    36    78    87    78    37    74    17    18    77  1961 24
  27    53    64    48    72    70    63    49    83    16    29    94  1961 25
  43    52    63    60    47    56    62    45    74    13    36    80  1961 26
  47    42    88    82    41    51    53    54    67     8    37    70  1961 27
  62    25    95    74    38    38    42    36    69     8    38    74  1961 28
  81          95    92    36    59    32    54    58     9    53    55  1961 29
  65          97    99    41    63    30    58    52     9    75    45  1961 30
  66          93          24          34    54           8          38  1961 31
-------------------------------------------------------------------------------
 57.9  46.1  53.0  61.4  51.0  77.4  70.2  55.8  63.6  37.7  32.6  39.9   Mean
-------------------------------------------------------------------------------
Yearly Mean = 53.9
