                           DAILY SUNSPOT NUMBERS 1964
===============================================================================
 Jan   Feb   Mar   Apr   May   Jun   Jul   Aug   Sep   Oct   Nov   Dec   Yr Day
-------------------------------------------------------------------------------
   0     0    27    10     7     8     7     9     7    17     9     0  1964 01
  14     0     8     0     0     8     0    20     8    12     8     0  1964 02
   8     0    13    13     0     8     0    17     8     0     8     0  1964 03
   7     0     7     0    10     8     8     9     0     0     0     0  1964 04
  13     0     7    10    14     0    10     8     0     0     0     7  1964 05
  17     0     0    11    11     0     8     7     0    14     7     0  1964 06
  20    10    15    15    11    14     7     7     7    20     7     0  1964 07
  16    13     9    13    10     0     0     0    20    16     7     8  1964 08
  13    18     8    10     7     7     0     0    12    11     0     7  1964 09
  15     9     0     9     7     7     0     7    11     0     0    10  1964 10
  19     7    14     8     7    14     0     8    11     0     0    12  1964 11
  20     0    23     7     0    22     0    21    20     0     9    16  1964 12
  27     0    40     7     0    12     0    23    18     0     7    10  1964 13
  24     8    32     7     9    18    10    36    11     0    17    17  1964 14
  22    13    29     7    17    24    12    30     0     0     8    10  1964 15
  16    17    28     7    17    23    11    30     0     0    16    17  1964 16
  20    21    20    13    23    13     9    19     0     0    15    27  1964 17
   7    15     8     7    11    22     8     9     0    12    19    28  1964 18
  14    13    10     0     9    24     0     8     0    11    12    30  1964 19
  11    23    11     9     7    19     0     7     0    10    19    29  1964 20
  11    39    20    19     7     9     0     7     0     0    21    23  1964 21
  11    42    32    17    18     0     0     0     0     0     8    26  1964 22
  11    54    30    16    13     0     0     0     0     0     0    16  1964 23
  18    44    27    23    11     0     0     0     0     7     8    18  1964 24
  17    36    23    12    11     0     0     0     0     8     9    19  1964 25
  10    34    20     7    14     0     0     0     0     7     0    14  1964 26
   9    34    16     0     8     0     0     0     0     9     0    19  1964 27
  24    34    14     0     8     0     0     0     0     0     7    28  1964 28
  27    28     7     0     8     7     0     0     0     9     0    38  1964 29
  22           7     0     9     7     0     0     7    16     0    21  1964 30
  11           7           9           7     7           9          19  1964 31
-------------------------------------------------------------------------------
 15.3  17.7  16.5   8.6   9.5   9.1   3.1   9.3   4.7   6.1   7.4  15.1   Mean
-------------------------------------------------------------------------------
Yearly Mean = 10.2
