                           DAILY SUNSPOT NUMBERS 1833
===============================================================================
 Jan   Feb   Mar   Apr   May   Jun   Jul   Aug   Sep   Oct   Nov   Dec   Yr Day
-------------------------------------------------------------------------------
   0     0     0    16    17     0     0     0     0     0     0    15  1833 01
   0     0     0     0    15     0     0     0     0     0    14        1833 02
   0     0     0     0    17     0     0     0     0     0    14    15  1833 03
   0           0     0    16     0     0    15           0    14        1833 04
   0     0     0     0    19     0     0          21     0          15  1833 05
   0     0     0     0    15     0     0    22     0    14          21  1833 06
   0     0           0    17     0     0    21     0    19    15    21  1833 07
   0     0           0    27     0     0    22     0    37    14    13  1833 08
   0     0           0    16     0    14    17     0    41    14    13  1833 09
   0                 0     0     0    17     0     0    17    14    14  1833 10
   0          29     0     0     0    17     0    32    15    14    14  1833 11
  20    27    32     0     0     0           0    15    14    14    13  1833 12
  15    27           0     0     0    15     0          17     0        1833 13
   0    15           0     0     0    14     0    16    15     0        1833 14
        29          16     0     0    15     0          15     0        1833 15
        39          14    13     0    14     0    27           0        1833 16
        37           0    15     0    14     0    61           0     0  1833 17
  17    40           0    15     0    14     0          14     0        1833 18
  31                      15     0    31     0           0          18  1833 19
  50    36    14     0    17     0    24     0           0     0    17  1833 20
              14     0    15     0           0           0              1833 21
              14    14          15     0    20           0              1833 22
                          32    15     0    21           0     0     0  1833 23
        15     0     0    34     0     0    17           0           0  1833 24
  47    20     0     0    32     0          16           0     0     0  1833 25
  39    29    14     0           0     0     0    13     0     0     0  1833 26
         0    32     0           0     0     0           0     0     0  1833 27
  29     0    30     0     0     0     0     0           0     0        1833 28
              15    15    14     0     0     0           0     0        1833 29
   0          17           0     0     0     0     0     0    15     0  1833 30
   0          14           0                 0           0              1833 31
-------------------------------------------------------------------------------
 11.3  14.9  11.8   2.8  12.9   1.0   7.0   5.7  11.6   7.5   5.9   9.9   Mean
-------------------------------------------------------------------------------
Yearly Mean = 8.5
