                           DAILY SUNSPOT NUMBERS 1901
===============================================================================
 Jan   Feb   Mar   Apr   May   Jun   Jul   Aug   Sep   Oct   Nov   Dec   Yr Day
-------------------------------------------------------------------------------
   0     0     0     0     0     0     0     0     0     0     8     0  1901 01
   0     0     0     0     0    15     0    10     0     0     0     0  1901 02
   0     7    14     0     0     7     0     7     0     0     0     0  1901 03
   0     7    18     0     0     0     0     0     0     0     0     0  1901 04
   0     8    24     0     0     0     0     0     0     0     0     0  1901 05
   0    14    20     0     0     0     0     0     0     0     0     0  1901 06
   0    10     8     0     0     0     0     0     0     7     0     0  1901 07
   0     7    19     0     0     0     0     0     0     7     0     0  1901 08
   0     7    21     0     0     0     0     0     0     9     0     0  1901 09
   0     0    14     0     0     0     0     0     0    14     0     0  1901 10
   0     0     0     0     0     0     0     0     8    10     0     0  1901 11
   0     7     0     0     0     0     0     0     9    20     0     0  1901 12
   0     0     0     0     0     0     0     0     0     0     8     0  1901 13
   7     0     0     0     0     7     0     0     0     0     7     0  1901 14
   0     0     0     0     0    10     0     0     0     0     7     0  1901 15
   0     0     0     0     0     8     0     0     0     0    11     0  1901 16
   0     0     0     0     0     9     0     0     0     0     7     0  1901 17
   0     0     0     0     0     8     0     0     0     0     8     0  1901 18
   0     0     0     0     9    16     0     0     0     0    10     0  1901 19
   0     0     0     0    20     9     0     0     0     0     7     0  1901 20
   0     0     0     0    25     8     0     0     0     0     7     0  1901 21
   0     0     0     0    39     8     7     0     0     0     7     0  1901 22
   0     0     0     0    36    16     7     7     0     0    11     0  1901 23
   0     0     0     0    39    22     7     0     0     0     9     0  1901 24
   0     0     0     0    26    17     0     7     0     0     8     0  1901 25
   0     0     0     0    28    14     0     0     0     0     0     0  1901 26
   0     0     0     0    29     0     0     0     0     0     0     0  1901 27
   0     0     0     0    20     0     0     0     0    11     0     0  1901 28
   0           0     0    19     0     0     0     0    10     0     0  1901 29
   0           0     0    16     0     0     0     0    16     0     0  1901 30
   0           0          10           0     0          12           0  1901 31
-------------------------------------------------------------------------------
  0.2   2.4   4.5   0.0  10.2   5.8   0.7   1.0   0.6   3.7   3.8   0.0   Mean
-------------------------------------------------------------------------------
Yearly Mean = 2.7
