                           DAILY SUNSPOT NUMBERS 1898
===============================================================================
 Jan   Feb   Mar   Apr   May   Jun   Jul   Aug   Sep   Oct   Nov   Dec   Yr Day
-------------------------------------------------------------------------------
  28     0    22     9    40    29    14    54    22    51    65    16  1898 01
  23     0    16    15    29    41     0    65    13    34    61    23  1898 02
  30     0    38    17    14    42     0    61    16    40    60    24  1898 03
  34    21    46    11    26    23     0    59    17    65    63    23  1898 04
  32    20    54    13     9    15     0    53    40    69    70    22  1898 05
  26    35    45    26    17    24     0    58    38    50    71    21  1898 06
  28    37    64    29    36    23     0    44    60    54    66    28  1898 07
  13    28    76    33    41    21     0    40    49    44    51    25  1898 08
  25    50    90    27    48     0     0    43    53    38    50    22  1898 09
  19    53    89    40    21    10     8    38    58    27    52    18  1898 10
  13    46    86    19    25     8     0    38    64    20    35    11  1898 11
  15    54    82    16    22     7     0    58    70    29    32    10  1898 12
  17    64    86    17    41     7    15    49    67    18    24     8  1898 13
  23    48    97     0    32    13     0    41    54    20    16     7  1898 14
  24    70    76     9    31    20     8    40    51    23    13     0  1898 15
  36    70    61     0    29    24    11    29    38    28    13    10  1898 16
  47    57    43     0    18    25     8    33    39    16    10     9  1898 17
  61    91    26     0    16    34     7    16    37    15    13    15  1898 18
  65    68    14     0    15    38     9     8    26    32    14    16  1898 19
  45    46     0     0    22    13    11     0    13     8    12     8  1898 20
  48    16     0     0    30    10    11     8    10     9    10     7  1898 21
  48    16    22     0    27    10    19    17    23     8    11     7  1898 22
  51    29     0     0    17    22    15    17    16    20     8     0  1898 23
  48    17     0     8    17    15    17     7    20    25    10     0  1898 24
  52    16     7     8    25    31    19     0    11    26    14     0  1898 25
  25    24     9    14    29    44    17    20    17    35    13     0  1898 26
  23    20     9    19    30    31     7    20    12    57    13     0  1898 27
  19    23     8    36    23    36     7    26    32    56    16     0  1898 28
  10           7    39     7    23    10     8    38    66    18    14  1898 29
   8           0    31    20    29    15     8    41    41    24    29  1898 30
   0          14          44          52    16          41          18  1898 31
-------------------------------------------------------------------------------
 30.2  36.4  38.3  14.5  25.8  22.3   9.0  31.4  34.8  34.4  30.9  12.6   Mean
-------------------------------------------------------------------------------
Yearly Mean = 26.7
