                           DAILY SUNSPOT NUMBERS 1916
===============================================================================
 Jan   Feb   Mar   Apr   May   Jun   Jul   Aug   Sep   Oct   Nov   Dec   Yr Day
-------------------------------------------------------------------------------
  51    88    44   103   105    38    56    36    25     7    61    55  1916 01
  56    91    64   137   103    23    61    30    18     0    73    68  1916 02
  60    66    76   144    92    25    56    22    18    30    76    80  1916 03
  85    47   105   142   104    47    39    14    30    17   112    60  1916 04
  90    64    87   142    70    54    28    22    32    27    97    69  1916 05
 101    82    97   109    80    35    35    49    19    36   122   103  1916 06
  76    76    76    73    72    24    40    35    50    73   112    85  1916 07
  66    95    94    76    51    14    43    43    47   110   106    88  1916 08
  38    74    56    68    56    10    25    44    44   133   106    71  1916 09
  58    98    76    70    53    40    21    28    49    94    71    59  1916 10
  29    84    51    71    68    28    16    28    49   106    77    67  1916 11
  25    92    47    59    58    34     7    38    59   111    76    55  1916 12
  29    74    38    59    35    38     8    32    83   112    69    38  1916 13
  28    62    14    57    32    37    14    47    76   100    52    41  1916 14
  23    49    32    60    34    35    13    55    83    77    58    21  1916 15
  16    46    49    47    56    38    15    50    77    63    53    17  1916 16
  29    29    61    46    40    46    28    48    73    62    49    28  1916 17
  34    38    80    39    40    41    34    53    82    59    27    41  1916 18
  31    29    44    37    50    58    45    64    92    41     8    36  1916 19
  30    43    42    25    50    90    69    90    75    28     9    27  1916 20
  25    62    43    40    61   109   103    75    84    21    19     7  1916 21
  47    33    79    38    68   137   128    55    42     8    55    14  1916 22
  43    34    97    43    89   171   125    44    20    19    65    40  1916 23
  23    24    68    26    87   174   115    12    14    20    61    56  1916 24
  40    21    91    67   107   182   137     0     8    19    78    31  1916 25
  37    26    89    74   125   126   117     0    22    27    64    41  1916 26
  65    19    72    68   137   115   109     0    18    21    62    44  1916 27
  51    36    71    70   156   112    60    20    25    31    30    66  1916 28
  34    26    72    79    80    85    61    28    18    43    62    72  1916 29
  42          52    86    87    66    30    11    20    33    59    76  1916 30
  42         110          62          22    17          44          86  1916 31
-------------------------------------------------------------------------------
 45.3  55.4  67.0  71.8  74.5  67.7  53.5  35.2  45.1  50.7  65.6  53.0   Mean
-------------------------------------------------------------------------------
Yearly Mean = 57.1
