                           DAILY SUNSPOT NUMBERS 1936
===============================================================================
 Jan   Feb   Mar   Apr   May   Jun   Jul   Aug   Sep   Oct   Nov   Dec   Yr Day
-------------------------------------------------------------------------------
  56    45    74    93    29    77    79    66   110   113   118   193  1936 01
  70    45    68   100    44    97    74    64    68    98   137   179  1936 02
  61    46    60    91    47    65    44    74    77   103   149   176  1936 03
  69    43    55    74    57    62    50    65    57   112   144   161  1936 04
  63    67    69    85    47    62    52    87    68   122   159   158  1936 05
  55    56    60    91    36    66    37    86    65   137   151   146  1936 06
  37    61    83    86    46    69    30    89    46   138   127   116  1936 07
  37    93    89    76    46    73    47    89    53   122   140   134  1936 08
  41    84    88    89    46    64    43   107    42   107   127   104  1936 09
  29    73    92    99    40    40    47    89    40    81   150   107  1936 10
  34    60    79    91    54    35    49    83    49    81   148    82  1936 11
  38    93    67    92    49    40    67    70    70    82   133    76  1936 12
  44    69    59    83    71    43    67    88    94    76   139    74  1936 13
  62    77    69    86    73    32    76   103    77    92   117    71  1936 14
  70    77    56    73    68    19    67   122    64   123   119    40  1936 15
  56    91    61    88    67    55    69    93    71   104    95    43  1936 16
  58    58    60    88    64    67    67   105    63   105    95    71  1936 17
  79    55    66    73    47    60    53   115    66    82    61    88  1936 18
  83    56    87    83    36   101    49    89    58    80    60    85  1936 19
  87    74   112    75    26    88    43    64    74    85    40    74  1936 20
  99   111   104    67    45   119    28    71    80    65    29    86  1936 21
  98    97    96    49    49   100    27    63   116    55    40   117  1936 22
 104    87    82    56    44    76    30    64   128    63    48   130  1936 23
 107   109    53    53    85    71    36    63    90    52    44   149  1936 24
  85    90    49    72    71    89    42    90    89    35    70   153  1936 25
  72    97    65    77    78   112    49    75    85    40    99   152  1936 26
  75    91    78    55    65   103    38    87    95    52   145   164  1936 27
  50    85    98    48    68    68    47    89    94    77   218   135  1936 28
  49    64    98    32    68    68    59   106    86    86   197   170  1936 29
  37         103    21    48    79    61   123   106    95   162   205  1936 30
  42         109          78          93   118          95         187  1936 31
-------------------------------------------------------------------------------
 62.8  74.3  77.1  74.9  54.6  70.0  52.3  87.0  76.0  89.0 115.4 123.4   Mean
-------------------------------------------------------------------------------
Yearly Mean = 79.7
