                           DAILY SUNSPOT NUMBERS 1925
===============================================================================
 Jan   Feb   Mar   Apr   May   Jun   Jul   Aug   Sep   Oct   Nov   Dec   Yr Day
-------------------------------------------------------------------------------
   0     8    21    10    19    40    22    23    76    72    30    66  1925 01
   0    19     8     8    23    83    28    22    59    59    31    62  1925 02
   7    17     7     7    35    92    39    26    80    63    22    74  1925 03
   7     7    11    14    35    80    47     0    73    52    17    64  1925 04
   0     8     0    19    31    94    66     8    60    60    32    67  1925 05
   0     8     0    17    43    73    50    23    71    34    20    93  1925 06
   0    23     0    25    37    89    48    28    43    30    26   112  1925 07
   0    38     0    22    34   118    61    40    38    44    23    80  1925 08
   0    35     0    31    43   114    50    56    63    41    37    56  1925 09
   0    40     0    58    39   109    43    70    46    54    50    57  1925 10
   8    39     9    67    35   102    44    57    35    47    40    88  1925 11
  11    53    17    52    37    89    43    47    29    47    50   100  1925 12
  11    71    17    57    27    88    46    46    20    59    36   134  1925 13
   0    41    19    42    38    53    24    31    29    74    39   123  1925 14
   0    49    26    35    47    35    25     7    41    84    43   113  1925 15
  12    33    20    31    47    17    48     7    58    93    47   157  1925 16
  13    31    28    42    78     8    47     7    38   123    52   136  1925 17
  12    12    34    35    83    13    37    10    50   106    53   132  1925 18
  26    26    32    60    70     7    32    28    58   125    57   112  1925 19
  20    13    24    60    69     0    41    24    64   125    62   133  1925 20
  11    11    17    40    80     0    44    30    74   119    83   123  1925 21
  16    20    17    44    71    18    24    19    80   112   106   101  1925 22
   8    14    15    36    54    14     0    31    74    95   124   108  1925 23
   8    13    16    30    39     7    19    30    80    92   117   104  1925 24
   0     0    26    31    32    12    32    58    73    96   136   112  1925 25
   0     7    33    26    28    11    32    64    82    57   118   103  1925 26
   0     0    43    23    41    16    35    64    86    49    98    86  1925 27
   0    14    38     7    40    14    39    71    74    43    70    97  1925 28
   0          34     7    30    11    49    77    77    32    76    89  1925 29
   0          24    16    26    17    34    79    76    28    62    84  1925 30
   0          22          17          45    92          31          91  1925 31
-------------------------------------------------------------------------------
  5.5  23.2  18.0  31.7  42.8  47.5  38.5  37.9  60.2  69.2  58.6  98.6   Mean
-------------------------------------------------------------------------------
Yearly Mean = 44.3
