                           DAILY SUNSPOT NUMBERS 2011                          
===============================================================================
 Jan   Feb   Mar   Apr   May   Jun   Jul   Aug   Sep   Oct   Nov   Dec   Yr Day
-------------------------------------------------------------------------------
  33    15    44    48    50    83    38    82    85    83    87    86  2011 12
  33    13    40    45    39    89    30    73    88    83    89    85  2011 12
  32    18    52    43    51    86    28    62    91    79    87    03  2011 12
  33    22    70    48    54    76    31    71    68    90    69    08  2011 12
  25    16    82    40    54    53    22    68    74    70    79    01  2011 12
  19    11    92    41    32    46    23    61    58    70    01    01  2011 12
  24     9    98    58    31    38    26    61    47    62    20    88  2011 12
  17    39    00    60    45    30    43    54    35    48    19    06  2011 12
  22    31    80    56    60    26    33    47    47    55    23    76  2011 12
  18    21    59    40    64    22    40    28    52    63    18    68  2011 12
  17    35    59    48    47    15    51    29    61    87    13    62  2011 12
  15    37    59    66    33    11    49    22    90    02    09    51  2011 12
   9    48    66    79    26    10    46    14    94    13    13    54  2011 12
   0    53    43    88    37    24    46     0    10    19    14    52  2011 12
   8    51    34    91    41    34    56     9    24    04    98    38  2011 12
  14    48    27    66    41    39    50    24    24    08    87    50  2011 12
  19    40    27    51    36    39    63    39    04    23    84    60  2011 12
  22    52    20    51    29    40    78    45    93    09    92    67  2011 12
  18    50    23    51    26    31    74    46    92    99    89    77  2011 12
  20    42    21    52    25    26    48    45    80    28    95    72  2011 12
  23    29    17    57    26    33    41    56    70    36    88    73  2011 12
  22    23    32    62    40    33    37    71    71    22    96    69  2011 12
  23    19    30    56    22    38    29    75    59    94    99    69  2011 12
  20    15    39    46     8    43    29    54    75    91    91    56  2011 12
  19     8    69    40    17    33    20    50    79    77    10    65  2011 12
  17    26    72    53    30    18    29    66    73    73    91    78  2011 12
  14    27    84    52    45    10    43    59    67    65    86    76  2011 12
   9    31    88    44    52    25    65    49    71    71    68    73  2011 12
  10          74    44    70    27    61    43    83    66    94    75  2011 12
  13          68    57    82    32    62    69    75    72    92    62  2011 12
  14          62          76          67    96          67          62  2011 12
--------------------------------------------------------------------------------
  18.7  29.6  52.6  54.4  41.5  37.0  43.8  50.5  64.6  55.7  63.3  56.8
--------------------------------------------------------------------------------
Values are final through June, 2010.
