                           DAILY SUNSPOT NUMBERS 1881
===============================================================================
 Jan   Feb   Mar   Apr   May   Jun   Jul   Aug   Sep   Oct   Nov   Dec   Yr Day
-------------------------------------------------------------------------------
  40    67     4    37    15    64    98   134   110    69    17    25  1881 01
  51    63    17    40    13    59   105   113    79    67    25    57  1881 02
  39    46    16    44     4    72    75    98    52    86     8    60  1881 03
  41    39    11    47    18    71    78    60    54    74    13    62  1881 04
  15    26     9    48    43    45    95    49    67    61    18    63  1881 05
  21    54    11    45    51    40    65    55    59    58    24    65  1881 06
  13    70    16    43    51    24    53    58    64    62    50    51  1881 07
  19    59    16    51    62    51    59    57    51    53    34    68  1881 08
  21    47    72    52    56    50    46    40    49    49    57    39  1881 09
  14    38    58    32    47    49    64    36    35    70    82    61  1881 10
  20    38    65    31    39    65    65    37    66    61    75    72  1881 11
  14    33    96    45    17    58    60    36    77    51    76    77  1881 12
   9    39   120    56    30    76    70    18    75    45   112    77  1881 13
   0    47   145    50    35    76    63     0    72    53    95    99  1881 14
  37    57   139    73    31    71    65     0    67    47    82    83  1881 15
  36    61   116    36    38    72    55     0    65    60    70    57  1881 16
  49    66   111    82    33    62    40    20    43    71    88    56  1881 17
  42    48    77    88    37    61    60    19    27    68    86    46  1881 18
  64    43    69    51    52    53    60    20    53    73    75    27  1881 19
  43    45    81    74    53    44    47    33    44    75    43    34  1881 20
  45    78    53    81    59    25    53    16    39    90    75    34  1881 21
  28    78    37    78    41    21    64    32    32   106    74    51  1881 22
  27    68    58    70    58    50    82    47    27   100    86    34  1881 23
  36    63    35    70    48    45    98    57    27    90    70     5  1881 24
  41    69    33    65    35    80    88    70    29    86    60     0  1881 25
  32    61    22    65    44    92    94    99    26    74    31    19  1881 26
  57    54    24    44    47    91   114   100    47    70    22    19  1881 27
  57    32    17    18    69    88   109   108    39    51    52    19  1881 28
  78          19    24    64    74   115   132    63    24    10    36  1881 29
  75          25     9    85    86   122   138    57    28    35    36  1881 30
  63          23          75         122   127          23          34  1881 31
-------------------------------------------------------------------------------
 36.4  53.2  51.5  51.6  43.5  60.5  76.9  58.4  53.2  64.4  54.8  47.3   Mean
-------------------------------------------------------------------------------
Yearly Mean = 54.3
