                           DAILY SUNSPOT NUMBERS 1908
===============================================================================
 Jan   Feb   Mar   Apr   May   Jun   Jul   Aug   Sep   Oct   Nov   Dec   Yr Day
-------------------------------------------------------------------------------
  22    29     7    17    82    96    30    61   134    94    12    28  1908 01
  45    25     7    20    68   106    43    85   160    71    23    31  1908 02
  48    25    14    57    65   116    45   107   135    62    13    30  1908 03
  57    44    21   100    53    95    57   107   122    67    21    34  1908 04
  76    26    25   109    55    95    61   136   103    67    29    27  1908 05
  65    28    22   109    49    85    44   114    81    41    45    31  1908 06
  67    33    32   109    65    75    37   133    77    47    63    17  1908 07
  60    40    31   105    82    62    15   127    75    48    49    30  1908 08
  43    47    22    97    53    35    30   133   100    52    81    38  1908 09
  45    46    37    86    77    46     8   106   100    55    92    46  1908 10
  52    47    43    65    59    29    16    60    79    51    71    27  1908 11
  51    61    43    47    54    23     8    32    68    31    79    29  1908 12
  58    61    42    32    38    24    12    56    55    23    83    27  1908 13
  44    52    40    18    23    25    16    80    66     8    70    20  1908 14
  40    31    38    19    31    28    49    89    78     7    87    20  1908 15
  36    29    52    12    16    23    49    80    48     7    78    21  1908 16
  43    40    38    19    24    22    65    97    70     0    63    38  1908 17
  41    29    46    21    25    38    67    87    86     0    33    43  1908 18
  15    10    49    22    19    60    68    80    89     0    45    36  1908 19
  23    30    53    61    26    35    70    65    74    11    34    32  1908 20
  17    30    55    49    14    31    73    82    80    14    37    29  1908 21
  39    22    41    50    25    23    93    75    83    34    44    61  1908 22
  48    29    28    55    16    21    68    67    75    28    26    64  1908 23
  39    26    17    43     7    37    51    56    87    22    31    84  1908 24
  30    19    15    55     7    35    43    49    99    17    38    71  1908 25
  32    44     0    40    14    39    13    59    85    19    31    53  1908 26
  20    43     8    50    21    37    14   105    75    24    23    46  1908 27
   7    22    22    89    43    31     7   103    66    31    22    54  1908 28
   7    16    17    85    38    34    14    94    76    28    17    46  1908 29
  14          12    87    40    37    23   149    82    21    26    58  1908 30
  31          12          76          34   133          22          55  1908 31
-------------------------------------------------------------------------------
 39.2  33.9  28.7  57.6  40.8  48.1  39.5  90.5  86.9  32.3  45.5  39.5   Mean
-------------------------------------------------------------------------------
Yearly Mean = 48.5
