                           DAILY SUNSPOT NUMBERS 1995
===============================================================================
 Jan   Feb   Mar   Apr   May   Jun   Jul   Aug   Sep   Oct   Nov   Dec   Yr Day
-------------------------------------------------------------------------------
  10    35    51    13     9     8    30    14     9     0     0    16  1995 01 
   8    41    56    17     0     9    25    15     8     0     8    12  1995 02  
  11    38    55    19     0    12    14    17     8     0     8    16  1995 03  
  14    35    65    10     8    14    14    16    16     0     0    16  1995 04  
  11    35    61     0    10    30    22    16    16     0     0    14  1995 05  
  15    34    38     0     9    24    27    22     8     0     8    10  1995 06  
   7    16    36     0     8    28    29    18     8    10     8    10  1995 07  
   9    12    20     0     9    28    25    13     0     9     8     8  1995 08  
   9    19    10     0    10    24    28     9     0    22     9    19  1995 09  
   8    23     0     0    11    30    21    10     0    29    12    17  1995 10  
   9    13     8    10    12    24    18    11     0    48     9    18  1995 11  
  10    14    12    18    26    20    13     0     9    57     8    11  1995 12  
   8    11    10    31    26    17    11     9     8    58     8    10  1995 13  
  11    17    10    34    27    12    13     0     0    54     8     9  1995 14  
  12    22    17    42    36     0    19    12    10    31    20     8  1995 15  
  17    26    13    46    40     0    17    21     8    43    22     0  1995 16  
  23    33    16    48    43     7    16    13     0    37    33     0  1995 17  
  35    31    35    41    40     9    14     0     0    28    23     0  1995 18  
  42    46    38    34    35    18    21     0    11    21    10     0  1995 19  
  51    46    41    25    27    13    23     8    21    18    10     8  1995 20  
  55    45    42    13    13    15    14     0    22    26     9     9  1995 21  
  53    47    45    11    10    17    11     8    30    26     9     9  1995 22  
  54    42    44     0     0    16     0    15    29    26     9     8  1995 23  
  60    30    44     0     0    13     0    31    30    25     0     0  1995 24  
  49    28    42     0     0    13     0    30    26    22     0    12  1995 25  
  30    26    41     0     0    12     7    41    25    22     0    17  1995 26  
  23    32    28     8     0    10     8    32    26    12     0    18  1995 27  
  25    41    19     0     9     9     0    24     9    10     9    17  1995 28  
  18          23     0    12    14     0    14     9     9    11     9  1995 29  
  31          23     0    10    23     0    13     8     0    12    10  1995 30  
  32          22           9          10    11          10           0  1995 31  
-------------------------------------------------------------------------------
 24.2  29.9  31.1  14.0  14.5  15.6  14.5  14.3  11.8  21.1   9.0  10.0
-------------------------------------------------------------------------------
Annual mean = 17.5  All values are final.
