                           DAILY SUNSPOT NUMBERS 1944
===============================================================================
 Jan   Feb   Mar   Apr   May   Jun   Jul   Aug   Sep   Oct   Nov   Dec   Yr Day
-------------------------------------------------------------------------------
   7     7     8     0     0    14     0     0     0    42    11     0  1944 01
   0     7     0     0     0     8    10     0    21    32    11     0  1944 02
   0     0     8     0     0     0    10     7     8    46    12     0  1944 03
   0     0     7     0     0     0     7     0     8    41    12     0  1944 04
   0     0     0     0     0     0     7    10     0    23    14     7  1944 05
   0     0     0     0     0     0     7    20     0    15    14    16  1944 06
   0     0     0     0     0     0     0    22     0     8     0    16  1944 07
   0     0     0     0     0     8     0    25     0    16     0    19  1944 08
   0     0     0     0     0     7     0    29     8    19     0    25  1944 09
   0     0     0     0     0     8     8    25    11    17     0    44  1944 10
   0     0     0     0     0     7     8    30    14     7    11    39  1944 11
   0     0     0     0     0     0     0    28    22     7    16    32  1944 12
   0     0     0     0     0     0     0    19    25     0     8    56  1944 13
   0     0     7     0     0     0     0    24    23     0     0    37  1944 14
   0     0     0     0     0     2     0    14    20     8     0    39  1944 15
   0     0     8     0     0     3     0    16    14    22     9    32  1944 16
   0     0    14     8     0     8     0    34    12    23     9    31  1944 17
   0     0    29     0     0     8     7    31    12    21    11    52  1944 18
   0     0    31     0     0     8     7    18    14    12    11    40  1944 19
   0     0    33     0     0     8     7    23    20    17    10    54  1944 20
   0     0    27     0     0     8     0     8    21    17    11    51  1944 21
   8     0    36     0     0     8     8     0    22    18    20    49  1944 22
   8     0    36     0     0     8     8    15    20    13    19    39  1944 23
   8     0    22     0     7     8    13    14    23     9    24    41  1944 24
   8     0    14     0     0     8     7    19    23    11    23    39  1944 25
   8     0    14     0     0     7     7    18    22    10    17    31  1944 26
  13     0    12     0     0     7     0    14    18     9    17    33  1944 27
  18     0    12     0    11     7    14    21    11    14    19    24  1944 28
  19     0    15     0    19     0    11    18     9    11     8    17  1944 29
   9           7     0    23     0    10    16    28    18     8     8  1944 30
   8           0          16           0     0          17           9  1944 31
-------------------------------------------------------------------------------
  3.7   0.5  11.0   0.3   2.5   5.0   5.0  16.7  14.3  16.9  10.8  28.4   Mean
-------------------------------------------------------------------------------
Yearly Mean = 9.6
