                           DAILY SUNSPOT NUMBERS 1852
===============================================================================
 Jan   Feb   Mar   Apr   May   Jun   Jul   Aug   Sep   Oct   Nov   Dec   Yr Day
-------------------------------------------------------------------------------
  82    25    24    68    72    80    49    16    37    34    87    48  1852 01
  82    23    36    68    87    77    34    45    47    32    57    50  1852 02
  59    16    40    76    85    74    51    39    34    37    99    49  1852 03
  52    16    44    61    83    72    51    21    35    42    99    43  1852 04
  70    30    18    77    65    57    65    25    38    40    60    58  1852 05
  61    49    39    94    58    66    65    52    44    46    75    42  1852 06
  83    64    40   113    64    56    70    69    61    39   105    43  1852 07
  77    43    73   117    58    44    63    48    88    34    90    29  1852 08
  71    50    56   113    59    16    56    27    38    34    81    40  1852 09
  66    60    67   114    44     0    61    37    33    35    81    35  1852 10
  68    55    79    90    51    11    42    25    29    52    73    33  1852 11
  70    65    81    79    37    30    24    33    38    37    61    27  1852 12
  70    77    86    77    37    28    47    28    26    37    24    28  1852 13
  72    96    76    62    38    59    36    28    14   103    47    26  1852 14
  75   120    91    64    46    51    25    33    11    84    51    21  1852 15
  92   144    94    34    36    30     0    37     0    65    16    28  1852 16
  94    77    96    53    37    30     0    37    19    79    12    30  1852 17
  96   140    73    51    34    31    18    24    24    76    11    25  1852 18
 127   120    67    38    32    22    34    36    40    87    26    19  1852 19
 106   101    79    47    29    33    34    21    57    89    26    28  1852 20
  80   100    74    49    28    48    41    30    53   109    26    26  1852 21
  67    98    63    28    31    39    46    40    48   128    14    15  1852 22
  52    96    48    16    42    33    45    50    54   146    14    18  1852 23
  74    67    38    13    57    50    49    55    44    90    27    69  1852 24
  76    57    50    50    64    46    39    61    41    72    40    72  1852 25
  36    19    60    50    59    66    34    63    33    97    54    78  1852 26
  45    34    66    81    70    67    44    48    33    93    62    82  1852 27
  29    49    62    84    78    59    57    45    34    94    81    76  1852 28
  33    36    58    40    54    57    49    56    45    84    82   111  1852 29
  28          48    55    70    74    41    52    26    20    47    92  1852 30
  27          71          97          34    49          72          65  1852 31
-------------------------------------------------------------------------------
 68.4  66.4  61.2  65.4  54.9  46.9  42.1  39.7  37.5  67.3  54.3  45.4   Mean
-------------------------------------------------------------------------------
Yearly Mean = 54.1
