                           DAILY SUNSPOT NUMBERS 1906
===============================================================================
 Jan   Feb   Mar   Apr   May   Jun   Jul   Aug   Sep   Oct   Nov   Dec   Yr Day
-------------------------------------------------------------------------------
  47    66    23   119    43    68   124    53    85    29    21    89  1906 01
  38    37    47   115    52    71   121    45    62    28    14    67  1906 02
  34    36    22    73    37    89   132    46    53    32    25    49  1906 03
  20    30    11    61    38    75   140    31    54    51    22    55  1906 04
  23    26     9    47    32    77   137    19    36    42    17    48  1906 05
  29    39    27    66    32   105   134     7    46    16    17    23  1906 06
  39    14    23    83    55    63   110    13    76    28    12    30  1906 07
  29     9    33    83    57    67   108    20    68    38    24    52  1906 08
  35    19    51    64    39    68   104    27    69    26    29    44  1906 09
  30    17    52    64    41    59   108    31    46    26    46    29  1906 10
  30    11    47    65    44    47    91    35    67    16    44    34  1906 11
  35    11    34    59    47    38    73    38    59     8    68    59  1906 12
  49    19    32    43    67    32    66    50    56     7    78    49  1906 13
  47    27    48    36   109    25    74    43    51    15    90    82  1906 14
  37    13    58    39    79    26    95    26    82    17    53    81  1906 15
  37    13    46    62    80    22   104    47    70     7    54    59  1906 16
  23    25    46    50    49    15   110    34    74     0    22    84  1906 17
   7    31    58    30    35    16   121    23    74     0    23    93  1906 18
   7    40    72    32    39    14   120    30    61     0    25    85  1906 19
  14    26    95    29    41    35   118    37    63     8     9   115  1906 20
  47    51   145    23    35    63   103    44    54    15    10   115  1906 21
  52    61   112    20    34    42   118    58    55    17    13    87  1906 22
  79    51   105    17    48    34   110    55    58     7    31    77  1906 23
  86    47   104    22    68    43   115    65    31    24    44    66  1906 24
  88    49   134    49    93    68    82    79    44    22    57    33  1906 25
 101    37   115    85    97    88    75    77    37    12    64    58  1906 26
 100    29   113    61   108    94    67    79    43     0    84    60  1906 27
  89    43    92    67    85   128    76    69    32    22    66    70  1906 28
  61          70    43    77   145    86   104    50    13    55    72  1906 29
  63          87    52    70   179    98   106    26     8    50    67  1906 30
  35          87          59          92    89          19          75  1906 31
-------------------------------------------------------------------------------
 45.5  31.3  64.5  55.3  57.7  63.2 103.6  47.7  56.1  17.8  38.9  64.7   Mean
-------------------------------------------------------------------------------
Yearly Mean = 53.8
