                           DAILY SUNSPOT NUMBERS 1989
===============================================================================
 Jan   Feb   Mar   Apr   May   Jun   Jul   Aug   Sep   Oct   Nov   Dec   Yr Day
-------------------------------------------------------------------------------
 148   141   127   104    93   136   128   171   147   129   153   198  1989 01
 173   144   107   122    94   148   149   196   171   150   160   182  1989 02
 146   164   103   140    85   158   129   193   180   167   191   203  1989 03
 120   133    98   115    97   157   120   213   204   186   216   182  1989 04
 155   127    90   106    85   171   101   227   212   209   228   192  1989 05
 142   127   103   139   105   145   120   220   230   189   245   184  1989 06
 165   132    98   170   134   130   149   215   267   168   233   217  1989 07
 155   161   109   185   149   143   141   218   261   166   215   167  1989 08
 165   172   133   153   137   168   116   218   296   187   214   161  1989 09
 190   192   163   122   123   192   104   200   270   178   203   148  1989 10
 211   190   155   106   120   203   136   202   280   191   179   104  1989 11
 229   216   140    96   115   218   111   188   264   154   173    99  1989 12
 206   219   162    92   129   253   116   207   248   148   153   107  1989 13
 189   208   181   103   123   251   116   197   215   159   140   100  1989 14
 177   191   165   120   148   264    92   203   207   189   132    84  1989 15
 164   195   187   130   154   265    91   177   180   209   124   101  1989 16
 155   209   168   144   161   233    99   192   159   206   124   120  1989 17
 160   163   164   137   177   216   113   189   155   184   134   123  1989 18
 140   164   148   160   191   235   138   202   152   159   124   131  1989 19
 126   169   158   165   195   232   149   209   137   140   141   127  1989 20
 114   149   155   175   168   187   170   203   111   152   159   111  1989 21
 165   142   155   167   156   174   197   160   109   158   162   150  1989 22
 171   134   145   128   180   196   195   133   103   145   157   201  1989 23
 142   153   155   135   196   215   168   129    75   131   160   191  1989 24
 144   189   131   132   173   227   132   105    80   121   175   209  1989 25
 152   163   117   125   157   237   111    82    93   109   184   221  1989 26
 157   147   102   118   163   206    99    57   101    97   183   240  1989 27
 172   128    89   109   130   187    75    50   111   116   183   249  1989 28
 169          95   107   121   182   112    70   134   131   164   213  1989 29
 157          78   114   122   156   125    94   150   156   182   214  1989 30
 140          91         111         132   116         157         201  1989 31
-------------------------------------------------------------------------------
161.3 165.1 131.4 130.6 138.5 196.2 126.9 168.9 176.7 159.4 173.0 165.5   Mean
-------------------------------------------------------------------------------
Yearly Mean =157.6
