                           DAILY SUNSPOT NUMBERS 2009
===============================================================================
 Jan   Feb   Mar   Apr   May   Jun   Jul   Aug   Sep   Oct   Nov   Dec   Yr Day
-------------------------------------------------------------------------------
   0     0     0     0     0    11     0     0     8     7     0     0  2009 01
   0     0     0     0     0    12     0     0     0     0     0     0  2009 02
   0     0     0     0     0    11     0     0     0     0     0     0  2009 03
   0     0     0     0     7     9    14     0     0     0     0     0  2009 04
   0     0     0     0     0     8    16     0     0     0     7     0  2009 05
   0     0     8     0     0     0    14     0     0     0     8     0  2009 06
   0     0     8     0     0     0    11     0     0     0     0     0  2009 07
   0     0     0     0     0     0    12     0     0     0     0     0  2009 08
   7     0     0     0     0     0    10     0     0     0     8     0  2009 09
   9     0     0     0     0     0     9     0     0     0     7     8  2009 10
  10     8     0     0     0     0     0     0     0     7     7     7  2009 11
   8     7     0     0     0     0     0     0     0     0     0     8  2009 12
   7     7     0     0     7     0     0     0     0     0     7     9  2009 13
   0     0     0     0    10     0     0     0     0     0     8    20  2009 14
   0     0     0     0     9     0     0     0     0     0     7    24  2009 15
   0     0     0     0     8     0     0     0     0     0     8    23  2009 16
   0     0     0     0     9     7     0     0     0     0     0    20  2009 17
   0     0     0     0     8     0     0     0     0     0     9    15  2009 18
   7     0     0     0     7     0     0     0     0     0    17    15  2009 19
   0     0     0     0     0     0     0     0     0     0    15    30  2009 20
   0     0     0     7     0     7     0     0     8     0     9    29  2009 21
   0     0     0     0     8     8     0     0    13     0     8    23  2009 22
   0     0     0     0     8     7     7     0    20    10     0    16  2009 23
   0     8     0     0     0     8     0     0    20    16     0    12  2009 24
   0     8     0     0     0     0     0     0    17    19     0     0  2009 25
   0     0     7     0     0     0     0     0     9    19     0     9  2009 26
   0     0     0     0     0     0     0     0     7    19     0    10  2009 27
   0     0     0     0     0     0     0     0    10    19     0    12  2009 28
   0           0     8     0     0     0     0     9    16     0    13  2009 29
   0           0     8     0     0     7     0     7    11     0    11  2009 30
   0           0          10           0     0           0          14  2009 31
---------------------------------------------------------------------------------------
   1.5   1.4   0.7   0.8   2.9   2.9   3.2   0.0   4.3   4.6   4.2  10.6
-------------------------------------------------------------------------------------------
Values are preliminary after Sep 2009.
