                           DAILY SUNSPOT NUMBERS 1980
===============================================================================
 Jan   Feb   Mar   Apr   May   Jun   Jul   Aug   Sep   Oct   Nov   Dec   Yr Day
-------------------------------------------------------------------------------
 153   195   181   168   121   152   101    78   208   151   188   171  1980 01
 158   178   168   145   149   124   108    63   226   135   218   176  1980 02
 148   185   151   133   140   128    97    65   232   139   204   152  1980 03
 160   182   136   123   166   141    85    65   233   121   217   146  1980 04
 184   178   130   154   192   150    96    53   188    96   201   131  1980 05
 207   209   132   179   145   131    98    72   179   116   196   126  1980 06
 212   220   120   194   147   149    97    64   136   135   175   108  1980 07
 221   203   101   199   157   150    87    90   140   173   201   124  1980 08
 249   172   103   229   168   164    84   125   108   186   158   117  1980 09
 219   140    69   214   144   177    86   130   119   235   158   145  1980 10
 245   148    67   245   142   172    87   181   125   260   144   148  1980 11
 210   128    70   251   143   166    98   174   128   256   120   178  1980 12
 181   131    71   252   150   161   105   172   133   213   103   185  1980 13
 178   140    68   203   166   136   128   193   100   232   108   213  1980 14
 146   159    52   182   148   129   161   192    83   224   105   217  1980 15
 166   163    36   154   148   134   198   196    98   202   112   237  1980 16
 145   132    67   126   173   129   211   190    93   158   109   198  1980 17
 130   122    63   127   215   146   241   195   114   142   113   183  1980 18
 118   129   119   134   218   166   220   185   137   137   125   166  1980 19
 115   125   108   164   230   179   227   179   150   167   112   171  1980 20
 121   114   105   143   233   191   229   152   134   155   107   170  1980 21
 123    99   130   122   244   196   201   139   147   164   119   178  1980 22
 124   100   149    95   246   190   184   154   158   140   112   177  1980 23
 120   116   175   112   256   193   155   122   178   127   128   191  1980 24
 107   121   176   133   229   179   151   109   168   118   127   200  1980 25
 127   152   191   159   220   166   138   101   209   119   140   208  1980 26
 120   175   205   150   223   185   117    98   231   134   168   206  1980 27
 130   197   221   149   190   188   127   124   181   136   167   206  1980 28
 122   181   191   145   185   149   118   158   166   173   148   208  1980 29
 145         182   138   150    97   108   184   149   184   153   187  1980 30
 164         174         138          81   194         178         182  1980 31
-------------------------------------------------------------------------------
159.6 155.0 126.2 164.1 179.9 157.3 136.3 135.4 155.0 164.7 147.9 174.4   Mean
-------------------------------------------------------------------------------
Yearly Mean = 154.6
