                           DAILY SUNSPOT NUMBERS 1824
===============================================================================
 Jan   Feb   Mar   Apr   May   Jun   Jul   Aug   Sep   Oct   Nov   Dec   Yr Day
-------------------------------------------------------------------------------
                           0     0     0    21          31           0  1824 01
                           0     0                      51              1824 02
               0    28     0     0     0                61              1824 03
               0           5     0     0           0    36           5  1824 04
  21           0           0     0     0     0          11              1824 05
                           0     0     0           0    11     0     0  1824 06
  21           0                 0     0                       0     0  1824 07
               0           0     0     0     0                 0     0  1824 08
               0           0     0     0     0                 0     0  1824 09
  23           0           0     0     0                                1824 10
                           0     0     0     0     0                 0  1824 11
               0           0           0     0     0    13     0        1824 12
               0           0     0     0                14     0     0  1824 13
                           0     0     0                14     0        1824 14
                           0     0     0     0     0    15     0     0  1824 15
               0           0     0           0     0    23     0        1824 16
               0           0     0     0           0    22     0        1824 17
               0           0     0     0     0    21    24     0        1824 18
                                 0     0     0    12    27     0        1824 19
               0                 0                      33              1824 20
               0    23                       0    19    21          12  1824 21
               0    15           0     0     0    48    24     0     0  1824 22
               0    20           0                44    14     0     0  1824 23
               0                                  28    18           0  1824 24
               0    27    25                      50    25     0     0  1824 25
                    15                       0    49    42           0  1824 26
               0    27    23     0                49    16           0  1824 27
                                 0     0          15    16     0     0  1824 28
                     0           0     0     0    12    44     0     0  1824 29
               0                 0           0    43    24     0     0  1824 30
               0                       0                             0  1824 31
-------------------------------------------------------------------------------
 21.7  10.8*  0.0  19.4   2.8   0.0   0.0   1.4  20.5  25.2   0.0   0.8   Mean
-------------------------------------------------------------------------------
Yearly Mean = 8.5

*No observations were available during February.  The value shown was interpo-
 lated from the January and March monthly means.
