                           DAILY SUNSPOT NUMBERS 1893
===============================================================================
 Jan   Feb   Mar   Apr   May   Jun   Jul   Aug   Sep   Oct   Nov   Dec   Yr Day
-------------------------------------------------------------------------------
 120   114    95    63   141    80    53    54    75    72    49    66  1893 01
  87    87    86    63   130    89    47    65    86    74    47    65  1893 02
  74    79    58    75   101   119    47   102    89    71    21    69  1893 03
  90    31    64    48   130   126    73   130    92    51    34    71  1893 04
  87    58    66    49   123   145    86   148   102    74    26    69  1893 05
  66    42    43    48    85   153    92   161   100    62    39    39  1893 06
  75    42    56    73    87   158   131   193   104    68    40    49  1893 07
  48    39    75    59    79   128   138   214   103    69    55    30  1893 08
  39    78    56    80    73   121   176   191    79    62    64    15  1893 09
  40    69    64    74    78    91   197   237    76    72    86    32  1893 10
  30    63    47    88    69    82   183   179    71    61   103    41  1893 11
  31    76    39   104    71    66   157   157    75    64   124    43  1893 12
  26    95    45    97    71    75   188   117    76    58   109    66  1893 13
  19    90    52    91    61    77   110   103    75    71   102    68  1893 14
  33    97    42    89    51    85    99    86    68    96   139    58  1893 15
  38    94    33    87    61    98    88    73    47    92   117    83  1893 16
  44    71    31    36    52    98    99    89    79    77    96    98  1893 17
  65    63    32    67    78    63    66   134    52    75   127    98  1893 18
  69    74    56    75    40    46    62   159    49    90   106    97  1893 19
  77    63    69    98    34    42    65   174    64   109   120    64  1893 20
  67    75    72    81    50    45    66   167    52   118    95   161  1893 21
  68    71    57    91    35    73    56   157    75   117    63   134  1893 22
  60    73    60   147    57    79    62   175    74   124    58   141  1893 23
 101    69    81   109    74    75    57   165    97   115    89   182  1893 24
 116    75    95   142   113    91    54   116   107   111    79   145  1893 25
 150    90   102   109   109    90    48    96    98    80    53   163  1893 26
 120    85    93   111   114    68    63    55    70    84    48   149  1893 27
 141    80   123   120   123    81    53    64    66    93    58   128  1893 28
 132         108   119   130    72    35    87    66    64    42   151  1893 29
 114          96   149   113    81    23    73    70    59    63   162  1893 30
  99          42          94          74    84          46         172  1893 31
-------------------------------------------------------------------------------
 75.0  73.0  65.7  88.1  84.7  89.9  88.6 129.2  77.9  80.0  75.1  93.8   Mean
-------------------------------------------------------------------------------
Yearly Mean = 85.1
