                           DAILY SUNSPOT NUMBERS 1892
===============================================================================
 Jan   Feb   Mar   Apr   May   Jun   Jul   Aug   Sep   Oct   Nov   Dec   Yr Day
-------------------------------------------------------------------------------
  85    72    21    34    54   111    27   121    50   105    92   105  1892 01
 109    64    16    37    78    97    36   132    66   105    94   114  1892 02
 107    70    14    30    88    82    37   127    51   117    94   128  1892 03
  75    54    25    33    72    66    63   127    58   129    84   134  1892 04
  77    80    29    25    92    33    70   110    44   134    83   156  1892 05
  46    70    32    46    57    34    63    80    20    92    57   133  1892 06
  53    63    29    46    82    49    80    76    66    78    48    77  1892 07
  54    66    23    51    63    52   122    82    21    75    47   108  1892 08
  33    68    31    51    52    59   123    89    59    75    51   112  1892 09
  40    81    39    47    48    63   121   105    57    64    51   116  1892 10
  18   105    48    57    52    66   109   105    73    39    47    94  1892 11
  22   115    54    71    49    63    79   126    67    35    31   104  1892 12
  17   122    39    50    49    79    87   128    65    39    46    59  1892 13
  42   120    50    37    63    58    81   129    72    73    41    45  1892 14
  79   132    40    33    69    54    62   144    70    61    46    49  1892 15
  90   130    33    29    68    77    55   144    45    30    53    34  1892 16
  78   118    61    48    57    95    86   113    42    45    56    33  1892 17
 102   113    48    61    53    82    97   119    44    64    59    17  1892 18
 114    91    34    68    66   121   101   105    56    63    60    18  1892 19
 108   100    54    89    67   117    61    95    64    75    54    12  1892 20
 115    79    68   110    77   123    34   132    58    76    37    35  1892 21
  82    67    73   121    84   116    28   124    60    84    62    43  1892 22
  98    44    82   163    98   118    42   126    60    90    72    45  1892 23
  87    56    84   166   112    90    54    80    67    50    78    87  1892 24
  75    35    98   135    89    96    78    67    74    42    70    95  1892 25
  64    18    97   101   102    82    90    36    82    18    65    83  1892 26
  49    24    92    94   125    77    80    60    96    18    81    86  1892 27
  48    18    67   105   133    61    90    77    94    50    86    91  1892 28
  65    18    72    79   119    51   104    60    99    73   110    77  1892 29
  34          46    71   129    18   100    65   104    92   106    67  1892 30
  76          49         121         112    60          94          81  1892 31
-------------------------------------------------------------------------------
 69.1  75.6  49.9  69.6  79.6  76.3  76.5 101.4  62.8  70.5  65.4  78.6   Mean
-------------------------------------------------------------------------------
Yearly Mean = 73.0
