                           DAILY SUNSPOT NUMBERS 1978
===============================================================================
 Jan   Feb   Mar   Apr   May   Jun   Jul   Aug   Sep   Oct   Nov   Dec   Yr Day
-------------------------------------------------------------------------------
  90   128   102    70    85   119    64    42   136    96   109   110  1978 01
  94   120    92    68    89    98    61    48   167   112   122   110  1978 02
 104   130    95    71    93    78    51    38   159   105   125   117  1978 03
 103   142    98    75    92    60    48    62   162   100   129   115  1978 04
  91   137    84    94    89    51    54    74   177    73   121   104  1978 05
  79   129    75    92    85    31    63    66   177    74   108   122  1978 06
  55   122    90    88    75    39    84    58   147    95   112   138  1978 07
  39    90    99   105    63    45   105    62   120   103   118   148  1978 08
  36    97    94   126    62    36   108    64   109   121   108   152  1978 09
  15   102    92   125    60    29   115    67    99   149   120   144  1978 10
  20   112    88   120    63    57   127    58    84   158   118   170  1978 11
  26   115    78   109    66    62   111    71    72   158    99   188  1978 12
  33    96    73   105    74    62   114    93    92   156    90   165  1978 13
  37    82    72    91    74    64   109    93   113   170    78   150  1978 14
  34    65    74    90    78    89   102    77   133   166    59   140  1978 15
  27    64    74    95    91    94   110    52   143   163    77   143  1978 16
  26    58    74    99    86   103    98    50   136   143    92   146  1978 17
  14    57    74   103    89   115    84    50   156   135    93   132  1978 18
   8    56    65   111    84   109    77    42   159   154    85    95  1978 19
   8    58    59   115    74   109    76    30   163   151    76    84  1978 20
  19    65    77   114    76   154    77    30   171   144    68    68  1978 21
  28    73    84   115    74   158    48    36   148   125    77    63  1978 22
  40    76    88   119    73   158    38    45   156   116    55    59  1978 23
  40    91    85   106    82   154    38    48   163   104    61    65  1978 24
  38    94    74   136    85   135    30    55   168    96    85    81  1978 25
  49    90    60   115    88   152    13    45   152   102   101    93  1978 26
  67    85    52    99    97   143    22    57   142   115   118   110  1978 27
  78    88    49    83    93   130    31    57   126   117   118   122  1978 28
  90          48    78   103   115    48    59   122   137   111   135  1978 29
 103          45    75   107   103    39    72    94   128   103   159  1978 30
 118          58         113          36   100         111         177  1978 31
-------------------------------------------------------------------------------
 51.9  93.6  76.5  99.7  82.7  95.1  70.4  58.1 138.2 125.1  97.9 122.7   Mean
-------------------------------------------------------------------------------
Yearly Mean = 92.5
