                           DAILY SUNSPOT NUMBERS 2004
===============================================================================
 Jan   Feb   Mar   Apr   May   Jun   Jul   Aug   Sep   Oct   Nov   Dec   Yr Day
-------------------------------------------------------------------------------
  32    43    44    55    44    35    17    23     8    18    76    32  2004 01
  40    64    31    51    28    36    20    28     8    16    74    29  2004 02
  45    63    26    47    32    37    20    30    18    28    67    30  2004 03
  46    60    23    55    33    36    19    33    20    27    58    26  2004 04
  44    62    35    57    29    36    16    21    37    21    55    29  2004 05
  39    51    39    40    20    29    17    33    32    17    62    24  2004 06
  50    40    40    39    16    37     9    44    38    22    63     9  2004 07
  53    45    35    27    17    33    11    39    47    23    57    15  2004 08
  38    48    38    15    24    34    27    50    51    10    52    13  2004 09
  36    48    38    13    29    31    38    58    44     0    32    15  2004 10
  32    44    38    13    25    24    47    63    42     0    38    13  2004 11
  29    48    48    25    40    18    54    68    43    12    38    22  2004 12
  35    48    40    35    37    28    88    76    39    20    42    16  2004 13
  34    38    38    42    54    35    90    68    32    20    48    14  2004 14
  43    50    32    34    58    44    82    61    39    16    44     8  2004 15
  50    41    37    31    73    64    65    54    38    18    41    10  2004 16
  49    18    48    50    69    62    79    44    36    44    41    24  2004 17
  43    22    54    58    60    67    93    41    33    54    38    21  2004 18
  54    18    58    63    58    69   100    36    34    60    35    12  2004 19
  61    26    50    59    59    86    91    50    27    66    33    11  2004 20
  61    30    48    59    52    87    88    57    24    76    26    15  2004 21
  49    30    57    57    47    76    84    66    17    80    29    26  2004 22
  42    55    61    43    59    61    74    56    10    93    28    18  2004 23
  34    47    57    38    62    52    69    38    10    99    34    22  2004 24
  16    53    83    31    55    37    57    31    10    90    34    12  2004 25
  13    53    84    34    43    34    64    24    15    91    34    10  2004 26
   0    67    88    26    32    31    55    21    15    94    37    10  2004 27
   8    66    76    23    30    30    39    20     8    96    29    17  2004 28
  16    50    66    24    31    26    24    16    25    89    28    12  2004 29
  27          54    34    35    22    24    10    31    96    32    20  2004 30
  38          56          34          23     9          91          22  2004 31
-------------------------------------------------------------------------------
 37.3  45.8  49.1  39.3  41.5  43.2  51.1  40.9   27.7  48.0  43.5  17.9
-------------------------------------------------------------------------------
Values are final.
