                           DAILY SUNSPOT NUMBERS 1826
===============================================================================
 Jan   Feb   Mar   Apr   May   Jun   Jul   Aug   Sep   Oct   Nov   Dec   Yr Day
-------------------------------------------------------------------------------
        19    16    17    61    46    72    61    52    35    17    49  1826 01
        14    34    14    61    36    71    62    47    57    16    38  1826 02
        14    54          56    36    37    72    48    49          52  1826 03
  49    14    54          44    34    15    55    48    63    17    55  1826 04
  17    29    66          44    47    30    41    27    36    19        1826 05
  16    15    55    14    61    44    27    69     0    50    16    94  1826 06
  17    16    25    14    29    45    45    91     0    49    21   161  1826 07
  32    52    25    14    32    29    57    85     0    50    24        1826 08
  30          32    29    31    29    86    86     0          17   136  1826 09
  29    22    34    45    15    29    71    72     0    46          79  1826 10
        18    36    41    15    45    90    69    14    46    49    46  1826 11
  30    19    34    41    15    30    70    56    14    32    64    12  1826 12
  14    17    31    41    15    30    82    30     0    39    48    30  1826 13
  12    14    27    65    14    41    81    27     0    36    69    64  1826 14
        14    27    28    32    44    66    27     0    51    51        1826 15
  14    17    31    31    29    14    47     0     0    52    55        1826 16
  14    17    50    32    29    14    64     0     0    34              1826 17
   0    16    52    17    47    14    59     0     0    46   159        1826 18
        14    61    16    52    14    86     0    16    41              1826 19
   0     0          14    45    14    42     0    30    36              1826 20
   0    14    49     0                29     0    16    39    29        1826 21
         0    46     0    29    14    30     0    35    42          31  1826 22
  12          45     0    29    14    31     0    31    61    14    44  1826 23
        16    14     0    34    14    16    22    16    85          72  1826 24
        19           0    14    46          21    15    89    41        1826 25
  21    34    31    27    14    49    47    26    15    86          60  1826 26
        30    28    27    14    96    30    19    14    69    29    67  1826 27
   0          23    30    27    76    49    35    34    67    27   102  1826 28
  20          29    46    27    75    47    72    49          30   102  1826 29
  22                46    27    56    49    70    47          57        1826 30
  23          19          30          49    60          32              1826 31
-------------------------------------------------------------------------------
 17.7  18.2  36.7  24.0  32.4  37.1  52.5  39.6  18.9  50.6  39.5  68.1   Mean
-------------------------------------------------------------------------------
Yearly Mean = 36.3
