                           DAILY SUNSPOT NUMBERS 1920
===============================================================================
 Jan   Feb   Mar   Apr   May   Jun   Jul   Aug   Sep   Oct   Nov   Dec   Yr Day
-------------------------------------------------------------------------------
  49    23    18    13    23    54    38    29    45    50    35    22  1920 01
  41    19    11     9    22    53    38    26    33    41    34    17  1920 02
  40    34    27    11    14    56    40    26    38    43    41    17  1920 03
  53    22    37     8    37    40    46    15    43    58    53    14  1920 04
  32    26    53    12    44    37    41     8    51    43    57    17  1920 05
  16    22    36    20    46    28    41     9    43    29    53    14  1920 06
  16    30    34    21    37     7    37     7    37    41    46    13  1920 07
  17    31    54    16    49    31    35     0    36    52    47    14  1920 08
  15    33    89     0    35    40    25     7    19    42    28    16  1920 09
  41    28   115     7    46    40    27    10    20    64    19    11  1920 10
  49    55   104    11    44    48    20    10    24    66    13    16  1920 11
  43    41   102    21    34    35    20    15    31    72    12    17  1920 12
  34    84    67    18    42    39    17    32    34    67     9    16  1920 13
  31    88    31    25    35    30    17    36    40    74    14    20  1920 14
  40    96    33    28    31    33     7    53    41    77    15    21  1920 15
  37    80    42    26    17    31     8    46    32    53    16    15  1920 16
  29    77    92    20     7    34    22    38     0    42    11    14  1920 17
  42    79    77    17     9    14    29    23     0    33     7    31  1920 18
  40    79   133    21    18    24    25    19     0    40     8    41  1920 19
  29    92   134     8     7    29    19    19     0    38     9    60  1920 20
  34    81   169     7     7    41    14    19     7    40     7    51  1920 21
  69    90   150    17    26    26    23    22    16    49    16    40  1920 22
  78    93   161    13    24    49    32    17    35    60    17    45  1920 23
 112    53   114     0    20    43    30    12    35    65    24    45  1920 24
 130    68    77     7    23    56    37     9    62    64    47    53  1920 25
 112    48    79    11    41    42    35     9    85    57    42    72  1920 26
  98    38    48     7    49    46    34     9    85    45    35    49  1920 27
 113    27    23    17    59    53    37     8    80    43    33    56  1920 28
  59    26    31    28    59    53    26    17    56    35    36    34  1920 29
  54          14    25    61    50    16    22    61    25    32    27  1920 30
  32          20          65          15    22          30          50  1920 31
-------------------------------------------------------------------------------
 51.1  53.9  70.2  14.8  33.3  38.7  27.5  19.2  36.3  49.6  27.2  29.9   Mean
-------------------------------------------------------------------------------
Yearly Mean = 37.6
