                           DAILY SUNSPOT NUMBERS 1839
===============================================================================
 Jan   Feb   Mar   Apr   May   Jun   Jul   Aug   Sep   Oct   Nov   Dec   Yr Day
-------------------------------------------------------------------------------
                    47          65    64   139         175              1839 01
 112          81          36    50                     111              1839 02
 181                      57    64         100   144                    1839 03
 165   105    67                51   115   107          97          31  1839 04
 146                      62         159         145                    1839 05
 137   111          56    52         136                      36        1839 06
              42          62    55   131   109   119                    1839 07
 120                46    77    67   144         157          91        1839 08
              74    60    44    76         111   126    81          52  1839 09
  47          89    71    65          96   121   104    82   102    85  1839 10
  74    75    89    49    79    51   101   135          95          56  1839 11
        91   137          57    60    94          57          89        1839 12
        95   107    70    55         141                     106        1839 13
  59         107    77    66    42    74    91    54    74              1839 14
  85    96   139          66    54    69    99    75    74              1839 15
  84                65          31                71    75              1839 16
  97   104          62          45    44                72              1839 17
  77                            27    51   127         106    97        1839 18
        89                            42   127   149   121   105    30  1839 19
        94          57    60          60   116   181   129              1839 20
       134    86          39    87    34         141                    1839 21
 125                46                30                                1839 22
                    80          79    19                99    29    44  1839 23
                          47          56   126   155          42        1839 24
       150                46          71   157   124                46  1839 25
                          45    42    51   142   160          29    87  1839 26
        86    31                      81                      31        1839 27
                    79    24    32               239                    1839 28
  75          41          36    54   129   212   187    14         142  1839 29
              45          42    61         211          49              1839 30
              31          66         127                                1839 31
-------------------------------------------------------------------------------
105.6 102.5  77.7  61.8  53.8  54.6  84.8 131.2 132.7  90.9  68.8  63.7   Mean
-------------------------------------------------------------------------------
Yearly Mean = 85.7
