                           DAILY SUNSPOT NUMBERS 1915
===============================================================================
 Jan   Feb   Mar   Apr   May   Jun   Jul   Aug   Sep   Oct   Nov   Dec   Yr Day
-------------------------------------------------------------------------------
  23     8    77    50   100    15    46    95    64    50    31    27  1915 01
  34    26    68    65   104    31    35   110    79    33    40    22  1915 02
  40    18    59    94    97    31    28   104    69    20    44    33  1915 03
  36    47    51    80    85     7    21   125    64    20    33    31  1915 04
  34    59    70    93    71     8    31   110    71    17    24    29  1915 05
  28    49    71    68    80    10    51   104    68    41    30    37  1915 06
  18    64    67    58    56    15    37    90    94    17    48    46  1915 07
  23    81    59    58    39    16    42    64    76    49    40    36  1915 08
  17    87    49    51    29     9    56    46    53    35    52    24  1915 09
  15    88    52    43     7     8    64    37    39    41    46    48  1915 10
  19    92    49    35     0     7    84    22    32    43    47    29  1915 11
  22    64    22    23     0     7    90    31    20    45    41    26  1915 12
  27    50    27    22     0    23    85    38    29    62    40    25  1915 13
  31    26    37    10     0    61    59    42    22    50    32    66  1915 14
  31    29    34     7     0    72    58    43    20    61    38    43  1915 15
  43    28    34     0     0   117    41    50    29    77    43    51  1915 16
  47    17    53     0     0   139    62    48    19    85    34    31  1915 17
  23     7    34     7     0   146    31    70    40   114    50    40  1915 18
  31     7    31    22     0   127    48   104    31    96    71    44  1915 19
  22     0    29    37     7   177    79    88    38   112    82    34  1915 20
  22    14    22    38     9   154    76    73    45    88    63    23  1915 21
  14    20    15    40    26   145   104    48    40    59    56    18  1915 22
  21    38    13    35    25   146    97    68    42    51    64    14  1915 23
  10    44     7    26    34   146   129    77    51    36    51    15  1915 24
  10    30    14    17    34   100    96    64    56    26    22    17  1915 25
  10    52     7    36    33    82   144    84    66    37    24    27  1915 26
   7    60    15    43    37    73   112    58    62    51    46    32  1915 27
  16    78    14    54    37    57   120    72    71    49    23    33  1915 28
  17          21    49    57    61    85    47    52    65    28    38  1915 29
  11          53    78    41    73   110    73    42    57    33    66  1915 30
  12          50          16          99    73          72          64  1915 31
-------------------------------------------------------------------------------
 23.0  42.3  38.8  41.3  33.0  68.8  71.6  69.6  49.5  53.5  42.5  34.5   Mean
-------------------------------------------------------------------------------
Yearly Mean = 47.4
