                           DAILY SUNSPOT NUMBERS 1836
===============================================================================
 Jan   Feb   Mar   Apr   May   Jun   Jul   Aug   Sep   Oct   Nov   Dec   Yr Day
-------------------------------------------------------------------------------
  45         146    95                           196    67         205  1836 01
  64         165                     104                                1836 02
       106         119   134                     140                    1836 03
                               105                            37        1836 04
       109                     107   142                                1836 05
  76         106   152   111   110   146   110   125    65    66        1836 06
  82               185   101         135                81    96        1836 07
 110   147                     131         114          82              1836 08
  95               169    95   171         105    85         157        1836 09
  67         120   137   102   184         106                          1836 10
        96         137   104                                 119        1836 11
             167         116                99               150        1836 12
        95                90                94    29                    1836 13
                          87   184          92    30                    1836 14
                   106    91   160         105         202         204  1836 15
  80   115    69         120               121         175   116        1836 16
 109          87   207         111                85         140        1836 17
        59    72         114                86               151   221  1836 18
 124                     106         144          90   230   156        1836 19
        67    67   177   120   112                86                    1836 20
  59    47    75   139   110         157          79   215         195  1836 21
  45    96               186         145    77    97   221              1836 22
                   110    94   124   122    92                          1836 23
  89               140    98    91   142    90                          1836 24
  96   124               136    85   124   104                          1836 25
 131   142    40         139         122                     142        1836 26
       151         152   111          90   143    99                    1836 27
              64                      82               111              1836 28
 110   152         135          89    46                                1836 29
                   126   112   107    50                                1836 30
 124                      86               187          62              1836 31
-------------------------------------------------------------------------------
 88.6 107.6  98.2 142.9 111.4 124.7 116.7 107.8  95.1 137.4 120.9 206.2   Mean
-------------------------------------------------------------------------------
Yearly Mean = 121.5
