                           DAILY SUNSPOT NUMBERS 1998
===============================================================================
 Jan   Feb   Mar   Apr   May   Jun   Jul   Aug   Sep   Oct   Nov   Dec   Yr Day
-------------------------------------------------------------------------------
  39    17    59    56    57    49    94    64   100    30    37   108  1998 01
  31    15    67    59    73    57    95    76    85    32    41    99  1998 02
  23    28    35    57    74    55    95    68    79    25    56   101  1998 03
  20    28    36    51    73    74   100    66    68    19    88    86  1998 04
  10    22    32    59    79    79    94    70    80    30    95    68  1998 05
   1    30    29    63    76    72    74    98   112    54    98    89  1998 06
   0    27    36    93    71    66    51   104   116    66   103    95  1998 07
   0    28    33   106    63    66    38    97   125    92    92   119  1998 08
   0    33    35   122    54    81    32   125   119    84    71   109  1998 09
  10    42    50   108    43    77    49   119   112    60    68   108  1998 10
  27    40    56    96    58    76    57   118    96    51    66   105  1998 11
  38    47    72    80    73    83    55   121    92    42    73   102  1998 12
  36    47    74    64    80    91    44    92    95    48    88    84  1998 13
  30    76    79    70    82    69    41    94    78    66    94    83  1998 14
  32    65    63    65    80    53    55    73    60    84    95    72  1998 15
  52    62    60    61    79    49    67    94    56    93    76    60  1998 16
  52    58    59    46    71    67    59    87    74    98    53    49  1998 17
  46    52    64    23    67    55    42    83    70   105    51    60  1998 18
  39    35    67    31    56    52    35   101    93    96    35    50  1998 19
  17    28    62    30    43    60    69    91   114    81    46    50  1998 20
  14    21    69    34    26    64    78    89   125    63    33    43  1998 21
  16    28    72    32    21    51    91    81   138    49    41    39  1998 22
  40    39    55    26    28    53    90    84   135    50    47    47  1998 23
  66    59    59    14    32    45    79    79   117    39    59    58  1998 24
  75    58    59    20    41    75    68    73   105    31    85    66  1998 25
  67    45    52    13    43    83    63    87    82    32   106    81  1998 26
  61    43    51    12    51   100    65   100    76    18   114   100  1998 27
  53    54    56    28    33   108    85    96    85    23   106   121  1998 28
  47          58    36    28   109    74   102    60    54   105    96  1998 29
  28          46    46    40   101    57   117    41    54    99    99  1998 30
  18          55          49          68   109          52          92  1998 31
-------------------------------------------------------------------------------
 31.9  40.3  54.8  53.4  56.3  70.7  66.6  92.2   92.9  55.5  74.0  81.9
------------------------------------------------------------------------------
Annual mean = 64.3.  Values are final.
