                           DAILY SUNSPOT NUMBERS 1952
===============================================================================
 Jan   Feb   Mar   Apr   May   Jun   Jul   Aug   Sep   Oct   Nov   Dec   Yr Day
-------------------------------------------------------------------------------
  66    21     0    28    30    12    59    62    89    20    14    13  1952 01
  63     7     0    16    18    19    55    42    75    23    12    12  1952 02
  58     7     0    21     9    14    39    35    55    22     7    14  1952 03
  40    15     0    26    22     7    31    44    36    42     0    16  1952 04
  32    27     9    37    32     7    26    46    35    33     9    29  1952 05
  18    31    10    33    34     6    12    43    38    37    13    32  1952 06
  27    28    10    37    30    26    13    51    35    37    32    38  1952 07
  35    26    23    40    27    21    19    49    14    23    30    43  1952 08
  47    30    20    32    23     8    44    57    16    26    30    38  1952 09
  43    18    30    30     7    17    52    59    17    24    26    28  1952 10
  55     0    38    46     7    10    70    43     7    16    23    31  1952 11
  57    16    28    28     6    18    66    54     0    15    16    42  1952 12
  61    23    35    22     8    20    72    66     7    15    18    47  1952 13
  65    35    25    19    15    22    93    50     0    14    22    63  1952 14
  72    44    22     7    14    46    90    44     8    11    23    71  1952 15
  70    44    18     8     8    36    85    45    10    10    15    67  1952 16
  55    53    20     7    10    45    53    50    11     0    28    70  1952 17
  53    52    15    17    18    45    43    43    23     0    35    66  1952 18
  44    54     9    33    22    55    23    30    17    12    43    66  1952 19
  38    35     0    53    36    57    30    22    20    15    47    50  1952 20
  33    28     0    62    26    50    25    28    27    25    42    40  1952 21
  12    20     0    52    25    55     9    30    29    27    39    35  1952 22
  24    26     0    40    32    70     9    54    42    35    35    35  1952 23
  30    17     0    27    31    58     9    69    45    33    30    29  1952 24
  32     0    23    20    17    56    17    80    38    37    28    18  1952 25
  31     0    30    26    10    56    11    74    38    40    17    30  1952 26
  27     0    46    16    43    52    19    90    37    34    14    15  1952 27
  19     0    60    17    57    66    23    85    31    33     8     0  1952 28
  15     0    71    32    49    63    26    89    28    32     0     0  1952 29
  22          75    42    36    76    36    83    19    26     7     9  1952 30
  17          66          23          60    85          22          16  1952 31
-------------------------------------------------------------------------------
 40.7  22.7  22.0  29.1  23.4  36.4  39.3  54.9  28.2  23.8  22.1  34.3   Mean
-------------------------------------------------------------------------------
Yearly Mean = 31.5
