                           DAILY SUNSPOT NUMBERS 1876
===============================================================================
 Jan   Feb   Mar   Apr   May   Jun   Jul   Aug   Sep   Oct   Nov   Dec   Yr Day
-------------------------------------------------------------------------------
   0     9    18     0     0     0     0     7    19    22     0     0  1876 01
   0    16     0     0     0     0    13     0    24    22    21     0  1876 02
   0     0     0     0     0     0    39     0    22    21    15     0  1876 03
   0     0     0     0     0     0    37     0     0    19    14     0  1876 04
   0     0     0     0     0     0    37     0     0    18    16     0  1876 05
   0    16     0     0     0     0    19     0     0    18    16     0  1876 06
   0     0     0     0    18     0    36     0     0     0     0     0  1876 07
   0     0     0     0    18     0    36     0     0     0     0     0  1876 08
   0     0    14     0    18     0    16     0     0     0     0     0  1876 09
   0     8    16     0    13     0    16     0     0     0     0     0  1876 10
   0    16    16     0    13     0    16     0     0     0     0     0  1876 11
   0    18     9     0    13     0    16     0     0    24     0     0  1876 12
   0    41    16    19    16     0     0     0    16    22     0     0  1876 13
   0    41    22    19    16     0     0     0    11    19    16     0  1876 14
   0    19    34    16    16     0     0     0    16    21    34     0  1876 15
   0    67    36    16    16     0     0     0    16    19    34     0  1876 16
   0    18    79     0     0     0     0    19    16    18    36     0  1876 17
  14    21    55     0     0     0     0    21    16    16    19    18  1876 18
  28    21    55     0     0     0     0    22    16    18    19    21  1876 19
  52    19    72     0     0     0    18     0    16    16    18    22  1876 20
  46    19    73     0     0     0    34    11     0    25    15    25  1876 21
  52    18    74     0     0     0    34     0     0    18     0    24  1876 22
  48     0    74     0     0     9    34    28     0    22    14    39  1876 23
  46     0    57     0     0    16    16    13     0    19    10    26  1876 24
  45     0    48     0     0    16     7    19     0    16     0    16  1876 25
  36    16    45     0     0     8    16    36    19    14     0    13  1876 26
  34    16    51     0     0     0    16    22    18    14     0    17  1876 27
   9    19    34     0     0     0    16    21    29    11     0    16  1876 28
  16    18    34     0     0     0     0    16    21    10     0    16  1876 29
   9          16     0     0     0     0    19    22     0     0     0  1876 30
   9           0           0           0    19           0           0  1876 31
-------------------------------------------------------------------------------
 14.3  15.0  30.6   2.3   5.1   1.6  15.2   8.8   9.9  14.3   9.9   8.2   Mean
-------------------------------------------------------------------------------
Yearly Mean = 11.3
