                           DAILY SUNSPOT NUMBERS 1926
===============================================================================
 Jan   Feb   Mar   Apr   May   Jun   Jul   Aug   Sep   Oct   Nov   Dec   Yr Day
-------------------------------------------------------------------------------
  93    40    50    35    62    62   104    76    45    29    51   115  1926 01
  71    42    68    30    53    73    76    62    21    23    65    85  1926 02
  58    38   103    29    56    47    79    89    28    37    59    57  1926 03
  37    41   103    29    68    98    64   101    21    34    73    55  1926 04
  34    34   119    22    86    80    43    82    39    37    58    89  1926 05
  56    29    97    23    53    83    46    79    42    53    44    68  1926 06
  50    35   100    30    74    95    35    40    43    69    27    70  1926 07
  76    44   103    27   102    86    34    50    29   116    31    65  1926 08
  90    32    82    50    92    92    24    67    28    70    35    38  1926 09
  92    42    63    30    88    91    17    62    35    85    50    69  1926 10
  84    99    47    34    93    94    28    59    30   144    38    90  1926 11
  69    94    61    37    89    62    16    70    33   132    39    92  1926 12
  57   142    45    58    83    75     7    75    37   151    39   116  1926 13
  55   150    60    71    60    80    11    55    55   133    37    80  1926 14
  61   162    89    65    86    57    13    47    74   110    38   106  1926 15
  78   142   110    69    84    65     8    45    73   113    39    96  1926 16
  94   127    79    69    65    50     0    40    89    83    37    93  1926 17
  76    85    72    63    71    55     0    40   112    60    26    94  1926 18
  95    99    69    75    80    50    14    51   111    55    20    86  1926 19
  82    67    46    58    63    52    22    53   106    31    53    75  1926 20
 103    59    38    41    75    44    41    74   105    50   101    87  1926 21
  95    41    11    35    67    39    52    58    89    40   112   103  1926 22
 102    48    42    14    40    55    55    64    85    40   113    68  1926 23
  87    49    35    14    27    58    99    78    68    37   101   106  1926 24
 124    61    37    16    31    56    72    73    70    62   106    95  1926 25
  71    56    45    18    22    90   125    62    70    93   110    91  1926 26
  78    53    47    15    23    92   114    55   101    85    88    52  1926 27
  38    45    18    19    43   103   115    55    80    95    89    82  1926 28
  51          30    41    54   111   109    55    57    49    64    61  1926 29
  48          31    39    52   109    98    49    49    61    73    29  1926 30
  21          38          50         100    43          40          49  1926 31
-------------------------------------------------------------------------------
 71.8  69.9  62.5  38.5  64.3  73.5  52.3  61.6  60.8  71.5  60.5  79.4   Mean
-------------------------------------------------------------------------------
Yearly Mean = 63.9
