                           DAILY SUNSPOT NUMBERS 1996
===============================================================================
 Jan   Feb   Mar   Apr   May   Jun   Jul   Aug   Sep   Oct   Nov   Dec   Yr Day
-------------------------------------------------------------------------------
   0     9     0     0     0     8     8    19    13     0     0    23  1996 01 
  12     9     0    10     0     8    10    23     9     0     0    12  1996 02 
  19     7     0    11     0     8     9    23     7     0     0     0  1996 03 
  30     0     9     8     0     9     0    21     0     0     0     0  1996 04 
  48     0     0     0     0    11     8    16     0     0     0     0  1996 05 
  47     0    14     0    11    23     0    10     0     0     0     0  1996 06 
  41     0     9     0    12    20    14    17    12     0     0     0  1996 07 
  35     0     0     0    13    20    26    11     0     0     0    13  1996 08 
  19     0     0     0    12    25    27    14     0     0     8    17  1996 09 
  11     0     0     0    14    12    26    15     0     0    12    16  1996 10 
   0     0    16     0    18     9    20    21     0     0    14    28  1996 11 
   0     0    16     9    16     9    13    17     8     0    11    29  1996 12 
   0     0    16     8    15     0     9    12     0     0    11    32  1996 13 
   0     0    13     0    14     0     0    21     0     0     0    27  1996 14 
   0     7    12     0    11     0     0    19     0     0    20    29  1996 15 
   0     0    10     0     9     0     0    10     0     0    40    24  1996 16 
   0     0     9    10     8     0     0    11     0     0    18    28  1996 17 
   0     0     9    19     8    10     0     9     0     0     9    32  1996 18 
   0     0     8    11     0    17     0    11     0     0    10    23  1996 19 
   0     8     0    18     8     8     0    10     0     0     9    15  1996 20 
   9    10    12    12     0     8     0    10     0     0    18    21  1996 21 
   0     8    16    12     0     8     0     9     0     0    24    21  1996 22 
   0     8    16     8     0    17     0    10     0     0    44    11  1996 23 
  11    17    14     8     0    18     0    16     0     0    45    12  1996 24 
   9    13    13     0     0    17     0    10     0     9    57     0  1996 25 
   9     8    23     0     0    18     8    13     0    10    52     0  1996 26 
   9     7    21     0     0    18     9    13     0     9    45     0  1996 27 
  10     8    18     0     0    18    12    11     0     0    34     0  1996 28 
   9     9    10     0     0    17    15    11     0     0    31     0  1996 29 
  16           0     0     0    17    19    14     0     0    25     0  1996 30 
  11           0           0          21    19           0           0  1996 31 
-------------------------------------------------------------------------------
 11.5   4.4   9.2   4.8   5.5  11.8   8.8  14.4   1.6   0.9  17.9  13.3
------------------------------------------------------------------------------
Annual mean = 8.6.   All values are final.
