                           DAILY SUNSPOT NUMBERS 1829
===============================================================================
 Jan   Feb   Mar   Apr   May   Jun   Jul   Aug   Sep   Oct   Nov   Dec   Yr Day
-------------------------------------------------------------------------------
  38    60    79   119   122    32   115    99    78          64    44  1829 01
  59    65         136   122    42   109          63    61    97    60  1829 02
                   125   150    70   125    71    61    46          45  1829 03
        94         124   158    49   127   161    87    47    61    44  1829 04
  42    82    62   130    90    52    88    69    42    40   131    57  1829 05
              82    81    97    31   140    56    17    64    84    59  1829 06
        87    96    65    46         109    76    17    47   107    56  1829 07
        65          67    56    49   133    45    20    67          59  1829 08
  44    57   102    79          44   133    49    16    72          41  1829 09
              73    60    47    14    51    37    14    79    69    44  1829 10
  42    29    65    75    77    30    64    53    15                    1829 11
        27    64    61    82    51    71    44    31    46    75    78  1829 12
                    79    65    64    79    55    29    13    79    86  1829 13
  45          65    94          47    71    37          28    64    89  1829 14
  31          72   120    46    80    94    31    59    62          76  1829 15
              56    92    44    60    92          64          42    98  1829 16
        30    71          60    61    65    62   116          57        1829 17
        46    70    45    59    74   100    81    51    33   101        1829 18
        30    61    70    45          94                57          82  1829 19
  34    30    51    80    44    78    97   110          82              1829 20
  32    16    32   135    31    76    79   102    79    71              1829 21
  32    47    65   124    29    94         102    79    76    29    66  1829 22
  31          54    87    45   100          74          72          42  1829 23
        29    36    50    31   107    72    95    61    74    34        1829 24
        56    79    86    41   115    71   110    57    56    55    14  1829 25
  44    45    69    97    47   116    61   112    61          45    14  1829 26
        29    61   134    49   101    45   117    61          59        1829 27
  57    64    91   125    61   111    74    88    57          32    56  1829 28
  71          77    90    80   231    76    84    74                34  1829 29
             112   126    80    90   109    75    64    60              1829 30
             136          52                            62              1829 31
-------------------------------------------------------------------------------
 43.0  49.4  72.3  95.0  67.4  73.9  90.8  77.6  52.8  57.2  67.6  56.5   Mean
-------------------------------------------------------------------------------
Yearly Mean = 67.0
