                           DAILY SUNSPOT NUMBERS 1922
===============================================================================
 Jan   Feb   Mar   Apr   May   Jun   Jul   Aug   Sep   Oct   Nov   Dec   Yr Day
-------------------------------------------------------------------------------
   0     0   109    27    38     7     0     0     5    10    12    15  1922 01
   0    12   127    29    31     0     0     0     0     7    12    27  1922 02
  14     0   122    39    27     0     0     7     0     8    11    25  1922 03
   7     0   118    18    24     0     0     7     0     9     0    23  1922 04
  24     0   119    17    12     0    15     7     0     0     7    23  1922 05
  23    17   112    19    13     0    24    15     0     0     8    22  1922 06
  28    42   108    15    10     8    19     8     5     0    15    20  1922 07
  22    30    77     7    10     7    29     0     0     0     9    15  1922 08
  28    27    68     0     7     7    28     0     0     0    14    18  1922 09
  26    34    73     0     0     0    16     0     0     9    12    17  1922 10
  22    50    88     0     0    18     7     0     0    21    11     0  1922 11
  24    75    97     0     0    23     7     0     0    18    12     0  1922 12
  14    63    79     0     0    17     0     0     8     8    11     0  1922 13
  14    39    48     0     0    16     0     0    10     7    15     0  1922 14
  18    26    28     0     0    16     0     0    14     0     7     0  1922 15
  17    22    16     0     0    10     0     0     7    14     7     0  1922 16
  13    13    16     0     0     9     0     0     7    10     7     0  1922 17
   7    10    18     0     0     0     0     0     7    12     0     0  1922 18
  15    16    11     0     0     0    19     0     8    13     7     0  1922 19
  12     7     0     0     0     0    28     0     7    19    11     0  1922 20
  12     8     0     0     0     9    22     0     8    11    11     0  1922 21
  14    13     0     7     0     7    28     0     7     0     0    10  1922 22
  13     8    12    10     0     7    30    11     8     0     0    15  1922 23
   0    17    26    17     7     7    19    17     7     0     0    20  1922 24
   0    24    34    25     8     7    20    24     0     0     0    30  1922 25
   0    36    36    17     7     0    13    22     0     0     0    40  1922 26
   0    66    32    23     9     0     7    22     7     0     0    44  1922 27
   0    83    34    14     7     0     7    15     7     0     0    47  1922 28
   0          32    15     8     0     0    19    10     0    14    48  1922 29
   0          28    31    13     0     0    14     8     7     8    47  1922 30
   0          28          16           0    15           9          35  1922 31
-------------------------------------------------------------------------------
 11.8  26.4  54.7  11.0   8.0   5.8  10.9   6.5   4.7   6.2   7.4  17.5   Mean
-------------------------------------------------------------------------------
Yearly Mean = 14.2
