                           DAILY SUNSPOT NUMBERS 1880
===============================================================================
 Jan   Feb   Mar   Apr   May   Jun   Jul   Aug   Sep   Oct   Nov   Dec   Yr Day
-------------------------------------------------------------------------------
   0    40    20    16    40    40    35    17    34    76    49    15  1880 01
   4    40    18    18    39    41    34    22    32    72    51    26  1880 02
  17    55    17    28    47    32    28    18    21    75    50    21  1880 03
  33    47    18    34    35    27    22    30    44    47    37    32  1880 04
  33    45     0    25    34     9    34    27    38    43    25    38  1880 05
  46    48    15    22    32    14    37    30    61    56     0    37  1880 06
  46    52    19    14    18    13    41    40    68    41    21    39  1880 07
  48    64    29    14    20    13    31    52   101    45     0    33  1880 08
  38    70    31    23    19    23    27    51   110    36     4    24  1880 09
  38    52    32    24    16    35     6    64    97    40     0    21  1880 10
  37    33    27    19    26    31     5    65   102    40     4    17  1880 11
  46    37    23    21    17    19     0    75    88    40     5    15  1880 12
  51    43    49    27    20    17     0    76    86    52    19    15  1880 13
  37    21    32    23    17    19     0    78    89    35    20    11  1880 14
  41     0    32    18     0    13     0    93    70    31    21     0  1880 15
  31     0    25     4    14    19     4    89    31    32    19    23  1880 16
  32     0    26     0     0    32     0    92    37    31    39    28  1880 17
  28     0    26    14     0    44    13    94    50    26    49    28  1880 18
  24     0    20     0     5    52    13    88    71    47    48    29  1880 19
  13     0    13     4    16    54    25    66    55    66    55    18  1880 20
   0    13     0     4    15    52    22    41    51    63    45    24  1880 21
   0    14     0    29     9    56    42    37    54    38    46    51  1880 22
   0    14     0     8     0    61    30    46    48    50    26    54  1880 23
   0    15     0    14    19    61    33    15    52    52    39    57  1880 24
   0    16     4    18    23    41    36    14    52    30    35    37  1880 25
   8    14     6    30    44    43    45    17    70    19    59    49  1880 26
   0    13    18    34    27    44    23    14    78    42    44    32  1880 27
  28    19    17    32    32    59    33    40    91    28    49    34  1880 28
  13    23    19    23    47    34    30    36    99    23    32    34  1880 29
  25          32    44    50    26    16    31   101    22    29    39  1880 30
  28          30          48          13    34          35          38  1880 31
-------------------------------------------------------------------------------
 24.0  27.2  19.3  19.5  23.5  34.1  21.9  48.1  66.0  43.0  30.7  29.6   Mean
-------------------------------------------------------------------------------
Yearly Mean = 32.3
