                           DAILY SUNSPOT NUMBERS 1905
===============================================================================
 Jan   Feb   Mar   Apr   May   Jun   Jul   Aug   Sep   Oct   Nov   Dec   Yr Day
-------------------------------------------------------------------------------
  30    61    68    43    56    38    40    14    71    80    72    73  1905 01
  20    82    89    50    36    29    47    31    47    84    58    86  1905 02
  10    94    99    38    42    53    40    34    81   112   108    77  1905 03
  14   127   116    48    38    41    64    56    63   103    85    68  1905 04
  19   100   127    32    24    59    59    67    67    90    76    69  1905 05
   0   159    94    27    19    55    52    95    61   110    89    53  1905 06
  48   109    83    28    44    61    42    80    58   115    80    62  1905 07
  60   118   100    20    63    61    50    99    69    97    79    58  1905 08
  47   131   103    24    81    53    59   102    52    71    98    65  1905 09
  62   131    64    28    87    58    85   100    66    69   158    33  1905 10
  84   106    37    46    77    38    96    80    60    64   182    33  1905 11
  74   133    27    52    80    34   138    48    66    57   131    58  1905 12
  78    96    20    57    83    40   140    56    78    49   167    52  1905 13
  81   104     7    59    75    52   142    54    76    42   158    31  1905 14
  79    61    14    50    76    53   148    46    86    39   143    45  1905 15
  87    70    19    52    71    50   140    30    73    83    53    34  1905 16
  78    62    26    49    85    50   119    56    58    92    85    32  1905 17
  90    61    41    35    79    50    98    46    73   119   105    53  1905 18
  98    60    39    23    69    29    98    73    56   142    65    55  1905 19
  92    47    32    26    51    23   136    58    32    84    89    61  1905 20
  79    44    52    23    37    26   132    67    13   111    76    74  1905 21
  60    52    57    24    26    46   125    76     7    97    93    61  1905 22
  47    43    48    22    12    56    76    78    10    70   105    47  1905 23
  26    62    52    40     0    47    36    64    13    59   100    75  1905 24
  53    68    53    51    15    71    38    46    31    57   145    68  1905 25
  35    78    36    54    23    72    14    39    23    56   119    68  1905 26
  34    87    45    47    31    71     7    28    45    44   107    52  1905 27
  50    55    54    55    30    61     0    35    61    57   145    43  1905 28
  50          58    31    16    44     6    49    79    74   136    47  1905 29
  56          48    45    28    49    14    35    75    51   110    48  1905 30
  57          45          33          22    82          62          41  1905 31
-------------------------------------------------------------------------------
 54.8  85.8  56.5  39.3  48.0  49.0  73.0  58.8  55.0  78.7 107.2  55.5   Mean
-------------------------------------------------------------------------------
Yearly Mean = 63.5
