                           DAILY SUNSPOT NUMBERS 1956
===============================================================================
 Jan   Feb   Mar   Apr   May   Jun   Jul   Aug   Sep   Oct   Nov   Dec   Yr Day
-------------------------------------------------------------------------------
  54    50   152    82    94    98   164   140   168   170   157   163  1956 01
  49    63   120    69   107   105   155   148   158   183   175   177  1956 02
  46    60   115    66   138   109   133   146   136   190   187   189  1956 03
  41    57   100    66   169   106   153   149   130   187   198   200  1956 04
  49    31   112    50   158   117   138   152   142   180   220   213  1956 05
  49    32   110    45   162   118   139   149   158   145   274   185  1956 06
  53    29   107    63   162   111   163   151   165   145   308   173  1956 07
  57    26   104    86   186    90   158   140   157   170   312   157  1956 08
  52    31   102   103   180    85   150   140   146   180   260   185  1956 09
  32    40    97   145   178    89   157   136   136   176   236   216  1956 10
  41    56    87   145   169    87   177   140   170   166   243   229  1956 11
  65    80    86   160   154    97   216   148   208   175   262   212  1956 12
  85    90    97   178   142   103   192   150   244   154   230   202  1956 13
  90   142   122   164   133   112   156   140   251   134   215   210  1956 14
  95   168   140   152   110   119   156   143   254   121   230   198  1956 15
 118   224   135   155   122   132   144   143   244   110   236   186  1956 16
 126   237   138   172   132   120    98   131   234    90   231   190  1956 17
 130   270   130   166   144   130    67   173   213   115   180   156  1956 18
 128   246   128   155   140   167    65   192   214   134   178   151  1956 19
 120   260   122   145   127   161    71   217   223   145   180   143  1956 20
 110   208   122   145   144   162    78   224   202   149   183   173  1956 21
 100   186   118   130   119   150    86   237   153   160   154   200  1956 22
  93   177   130   121    82   139   113   213   139   153   138   219  1956 23
  87   156   136    96   102   125    84   232   125   163   120   219  1956 24
 103   149   138   104   103   106    90   154   132   165   160   229  1956 25
  69   140   140    91   120    70   100   178   136   152   160   229  1956 26
  44   125   115    91   115    71   116   203   131   140   125   215  1956 27
  48   132   117    67   137   122   104   196   127   150   135   202  1956 28
  53   132   122    40   136   135   108   200   143   168   154   187  1956 29
  48         116    70   146   162   130   212   158   178   198   171  1956 30
  46         113         123         140   182         167         177  1956 31
-------------------------------------------------------------------------------
 73.6 124.0 118.4 110.7 136.6 116.6 129.1 169.6 173.2 155.3 201.3 192.1   Mean
-------------------------------------------------------------------------------
Yearly Mean = 141.7
