                           DAILY SUNSPOT NUMBERS 2000
===============================================================================
 Jan   Feb   Mar   Apr   May   Jun   Jul   Aug   Sep   Oct   Nov   Dec   Yr Day
-------------------------------------------------------------------------------
 48     71   138   187    91    85   145   106   142   115   140   116  2000 01
 51     64   130   193    80    79   141   110   118   164   147   109  2000 02
 54     81   114   177    76    75   124   107   128   153   141   118  2000 03
 64     99   113   164    71   101   114   110   134   150   130    72  2000 04
 73    104   113   129    71    95   127   144   114   128   133    65  2000 05
 85    136   129   108    42    99   154   143   114    97   108    57  2000 06
 85    130   155    94    52   105   177   164   110    66   122    68  2000 07
 75    128   145   100    64   120   177   140    85    72   127    57  2000 08
 76    109   146   108    99   122   179   128    63    71    95    58  2000 09
 65    122   137   102   120   119   215   154    42    57   101    62  2000 10
 90    114   127    96   133   151   202   165    26    82    90    72  2000 11
134    113   122   113   133   147   186   170    35   122    72    89  2000 12
153    108   121   118   161   156   194   176    55   121    70   114  2000 13
164    119   115   114   193   171   164   204    60   104    84   135  2000 14
157    118   103   105   205   158   148   183    77    83    98   153  2000 15
163    131   100    98   189   142   197   178    85    92    95   145  2000 16
131    109    95   110   170   139   224   152   108    97    94   151  2000 17
120    104   101    94   161   147   228   140   112    95   116   138  2000 18
114     89   126   103   167   145   246   133   121    90   125   118  2000 19
 95     76   150   121   180   159   241   106   124    94   110   127  2000 20
 88     92   148   128   163   147   231    77   137    97   120   116  2000 21
 84    100   156   145   143   127   216    67   142    89   113   107  2000 22
 82     95   182   170   132   124   199    67   160    85    91   102  2000 23
 80    123   188   160   134   119   171    77   163    82    98   115  2000 24
 85    131   185   151   115   111   177    81   153    88    74   108  2000 25
 77    144   170   136   117   129   133    79   161    73    59   121  2000 26
 70    150   155   118   106   138   126   113   162    80    84   118  2000 27
 60    151   169   124   124   115   120   132   142   106   106   118  2000 28
 61    162   148   100   117   109   113   138   119   113   123   110  2000 29
 51          148   100    93   114   112   144   100   108   138   111  2000 30
 58          164          67          93   157         111          87  2000 31
-------------------------------------------------------------------------------
 90.1  112.9 138.5 125.5 121.6 124.9 170.1 130.5 109.7  99.4 106.8 104.4
-------------------------------------------------------------------------------
Values are final.  Annual mean = 119.6
