                           DAILY SUNSPOT NUMBERS 1921
===============================================================================
 Jan   Feb   Mar   Apr   May   Jun   Jul   Aug   Sep   Oct   Nov   Dec   Yr Day
-------------------------------------------------------------------------------
  38    21    16    28     0    25   109    22    19     0     7     0  1921 01
  23    22    11    25    16    26    85    20    10     0    12     0  1921 02
  26    27    10    32    10    24    95    17    16     0     0     0  1921 03
  44    22     7    35     0    22    89     9     8     0     0     0  1921 04
  26    26     0    22     0    20    97     8     0     0     0     0  1921 05
  25    18     0    22     0    23    80     0     0     0     0     0  1921 06
  17    24     0    34     0    32    59     0     8     0     0     0  1921 07
  18    40     7    25     9    68    46     0     0    16     0     0  1921 08
  19    36    11    17    23    58    58     0     0     8     0    12  1921 09
  29    35    22    26    40    60    50     0    11     7     0     9  1921 10
  37    36    40    28    57    55    47    10    13     7     0    28  1921 11
  55    34    44    47    50    43    56    20    17    19    10    25  1921 12
  61    33    35    38    71    41    44    14    26    19    11    36  1921 13
  78    25    53    28    63    25    29    14    23    25    15    43  1921 14
  76    22    35    38    49    16    15    13    35    16    15    42  1921 15
  55    20    29    49    37     0    17    15    29    14    14    46  1921 16
  47    25    31    55    32     8    14    16    26     8    14    57  1921 17
  21    28    34    41    46     9    13    29    33     7    24    61  1921 18
  34    37    24    60    38    12    18    27    35    10    38    56  1921 19
  41    48     7    50    18     8    16    29    37    17    51    48  1921 20
  35    31    28    41    22    13    13    33    29    11    49    46  1921 21
  26    38    23    47     8    14     7    44    23    19    55    33  1921 22
  30    44    36    37    11    20     7    22    19    40    49    21  1921 23
  20    36    39    28     8    17    14    32    23    64    44    12  1921 24
  15    13    35    33    13    30    24    39    20    60    30    12  1921 25
  20    14    40    32     7    41    29    48    17    59    25     8  1921 26
  15    20    55    24    21    68    24    82    16    53    23    19  1921 27
  17    16    53    22    17    75    35    59    17    39    21     8  1921 28
   7          42     7     7    74    35    34    17    21    15     8  1921 29
  13          33     0    15    85    40    24     8    14    11     0  1921 30
  10          27           0          33    27          10           0  1921 31
-------------------------------------------------------------------------------
 31.5  28.3  26.7  32.4  22.2  33.7  41.9  22.8  17.8  18.2  17.8  20.3   Mean
-------------------------------------------------------------------------------
Yearly Mean = 26.1
