                           DAILY SUNSPOT NUMBERS 1843
===============================================================================
 Jan   Feb   Mar   Apr   May   Jun   Jul   Aug   Sep   Oct   Nov   Dec   Yr Day
-------------------------------------------------------------------------------
   0     0           0    34    29    19    14    15     0    14    34  1843 01
   0     0    31     0    42    25     0    14     0     0    16    36  1843 02
  15     0    30     0    44    19     0    14     0    14    15    49  1843 03
   0     0    30     0    46    14    21    14     0    14    29        1843 04
   0    16    27     0    24    14    24    14     0    14              1843 05
              31    19    24     0     0     0     0    16          39  1843 06
              15     0           0     0     0    14    25    15        1843 07
   0          14     0    16     0     0     0    14    16    14    30  1843 08
  25          16     0    14     0    16     0     0    19    14    15  1843 09
                     0     0     0    14     0     0    32    15     0  1843 10
  27    15     0     0     0     0     0     0     0    15    15     0  1843 11
  22    11     0    15     0     0     0     0     0     0    15     0  1843 12
  36     7     0    15     0    15    20     0     0     0    20     0  1843 13
  36     0     0     0     0    15    20     0     0     0    17     0  1843 14
         0     0     0    24     0    30     0     0     0     0     0  1843 15
  30     0     0    15    20     0    14     0     0     0    14     0  1843 16
         0     0    15    21     0     0     0     0     0    22     0  1843 17
  24           0    15     0     0     0     0     0     0    21     0  1843 18
  16           0    15     0    14     0     0     0     0    45     0  1843 19
               0    14     0    16     0    14     0     0    24        1843 20
  15           0    17     0    26     0    19    20     0    16        1843 21
  22           0           0    26     0    41    15     0    32        1843 22
  24     0     0     0    14    19     0    27     0     0    40        1843 23
               0     0    31    19     0    21    16     0    27        1843 24
               0    14    36    16    16    17    16     0    19        1843 25
               0    17    42    16    17    31    15     0    27        1843 26
   0     0     0    19    42    16    20    25     0     0    14        1843 27
   0          15    29    51     0    22    19     0     0     0        1843 28
   0          15    30    30     0    14    27     0     0    15        1843 29
   0          17    27    40    17    14    27     0     0              1843 30
   0           0          37          15    27           0              1843 31
-------------------------------------------------------------------------------
 13.3   3.5   8.3   9.5  21.1  10.5   9.5  11.8   4.2   5.3  19.1  12.7   Mean
-------------------------------------------------------------------------------
Yearly Mean = 10.7
