                           DAILY SUNSPOT NUMBERS 1918
===============================================================================
 Jan   Feb   Mar   Apr   May   Jun   Jul   Aug   Sep   Oct   Nov   Dec   Yr Day
-------------------------------------------------------------------------------
 111    69    50    95    85   164    99   122    72    68    56    39  1918 01
  87    63    57    84   116   151   101   114    55    84    52    41  1918 02
  81    83    38    97   109   173   115   125    48    85    50    34  1918 03
  65    48    55   117   129   151   146   130    39    71    53    41  1918 04
  80    42    31    93   115   122   142   122    39    61    40    40  1918 05
  50    25    31   129   118   121   141    99    44    70    28    39  1918 06
  61    29    46    94    94    76   134    75    64    71    29    44  1918 07
  67    24    55   115    89    74   132    81    88    58    33    68  1918 08
  65    26    52    88   104    44   105    49    82    64    49    63  1918 09
  73    20    62    79   115    49    97    61    92    64    28    26  1918 10
  92    67   103    85    98    19   101    62    96    71    31    29  1918 11
  66    85   136    73    97    19    87   103    64    75    32    43  1918 12
  96    89   107    69    99    17    68   121    85    63    38    52  1918 13
 102   115   106    67    72    14    67    94    92    47    62    40  1918 14
  99    80    74   113    67    13    94   109    80    56    80    32  1918 15
 110    94   104    77    53    14    84   142    66    58    98    16  1918 16
 116   113   111    68    50    15    67   128    76    79   200    48  1918 17
  96   112   106    47    35    14    60   130    76    94   213    59  1918 18
 103    86   103    73    31    33    72    91    59   132   210    66  1918 19
 108    90    97    60    32    47    67   132    95   104   163    60  1918 20
 107    73    64    69    30    46    92   122    71   149   187    68  1918 21
 116    53    38    55    47    49   115   127   110   125   127    95  1918 22
 128    43    58    71    28    40   121   139    86   127   135    85  1918 23
 114    53    65    47    33    37   145    85    77   124    80   119  1918 24
 138    69    80    43    43    31   138    98    87   108   107   113  1918 25
 117    56    83    62    64    36   141    90    74    97    53   115  1918 26
 110    55    82    68    59    25   126    85    85   101    76   116  1918 27
  97    65    60    87    59    46   155   102   140    80    73    93  1918 28
 119          62    96    62    73   124    72   145    70    59    84  1918 29
  99          53    93   106    68   110    71   111    97    60    38  1918 30
 104          70         139          91    73          82          28  1918 31
-------------------------------------------------------------------------------
 96.0  65.3  72.2  80.5  76.7  59.4 107.6 101.7  79.9  85.0  83.4  59.2   Mean
-------------------------------------------------------------------------------
Yearly Mean = 80.6
