                           DAILY SUNSPOT NUMBERS 1951
===============================================================================
 Jan   Feb   Mar   Apr   May   Jun   Jul   Aug   Sep   Oct   Nov   Dec   Yr Day
-------------------------------------------------------------------------------
  32    97    74    41    62    38    17    64    46    41    45    32  1951 01
  22    84    62    27    56    38    16    71    47    44    57    24  1951 02
  32    62    50    24    78    37    36    55    48    43    46    20  1951 03
  42    53    45    20    51    26    50    57    55    38    53    22  1951 04
  42    60    38    40    46    65    32    73    64    31    61    20  1951 05
  64    46    50    61    20   103    56    74    84    19    56    34  1951 06
  71    43    55    69    26   115    69    83    77    16    62    41  1951 07
  75    53    54    78    17   130    86   102    91    25    43    54  1951 08
  60    60    33    75    32   138   105   121   108    54    61    42  1951 09
  57    70    26    74    84   137   109   132   118    71    62    22  1951 10
  54    74    40    84   102   133   112   121   129    81    76    22  1951 11
  46    69    61    88   125   147    96   112   123    95    65    28  1951 12
  17    63    43    78   155   159    95    82   114    72    41    31  1951 13
  26    67    36   103   170   163    92    66   110    52    40    26  1951 14
  15    63    26   118   184   158    90    62   100    63    40    40  1951 15
  16    54    31   126   212   147    40    58    89    67    50    49  1951 16
  30    50    26   130   220   152    45    54    93    56    46    59  1951 17
  35    38    35   148   229   157    48    49    98    58    44    63  1951 18
  45    36    38   150   204   146    40    66    89    81    42    62  1951 19
  40    41    49   132   180   138    33    67    91    78    43    68  1951 20
  50    44    59   149   180   134    26    54   104    43    45    76  1951 21
  51    51    60   144   154   123    28    62   109    32    52   102  1951 22
  63    55    83   140   140    93    70    38   104    21    54   106  1951 23
  77    61   110   119   117    63    78    42    80    14    54    66  1951 24
  90    67   108   115   114    60    61    24    76    22    54    52  1951 25
 105    72    97   103    93    63    52     8    70    41    60    29  1951 26
 115    80    84   110    87    48    60     6    63    55    75    27  1951 27
 130    65    74    96    81    45    79     8    58    71    59    41  1951 28
 120          70    81    51    43    61    24    23    73    55    43  1951 29
 125          65    65    48    18    66    15    31    72    31    50  1951 30
 111          52          46          58    40          70          68  1951 31
-------------------------------------------------------------------------------
 59.9  59.9  55.9  92.9 108.5 100.6  61.5  61.0  83.1  51.6  52.4  45.8   Mean
-------------------------------------------------------------------------------
Yearly Mean = 69.4
