                           DAILY SUNSPOT NUMBERS 1838
===============================================================================
 Jan   Feb   Mar   Apr   May   Jun   Jul   Aug   Sep   Oct   Nov   Dec   Yr Day
-------------------------------------------------------------------------------
 230         244   235   141   102                57    49   142    75  1838 01
 227                     134         132    77    85    69              1838 02
 222         137         152          89          94    61    85        1838 03
 219    59   195         162          46         106                74  1838 04
        94   176         122   116    60    61   107          95   124  1838 05
        77                99         110    60                67        1838 06
        72               126         100   101   117    70    76        1838 07
 176         167   106   146         115    60   100    59   120        1838 08
        64               139   115   129          92                    1838 09
        79   121    80   145         116                                1838 10
             114   109   154   132                      85          62  1838 11
        77   137   175          97    66    46    81   106              1838 12
        80               169         106               157    77        1838 13
        62                           105    72    80   141    54        1838 14
                   129         104   114    60   118                    1838 15
             101   170         111   101          95          39        1838 16
        34         186         142   124    96   109    72    61    32  1838 17
 115    34    77   129    97   132   105         126                20  1838 18
        35   106               121          95                          1838 19
        70         111         115                                      1838 20
  89                81                97   150    54    76          51  1838 21
  54    80         114   122    79                31                95  1838 22
  57   132          85   144    77         101    29    77          94  1838 23
       101   114    80          59   139    86    50   109         109  1838 24
       161               107    35                30          81        1838 25
                   105   139                66    31   117    64   111  1838 26
                         156    32                35          67   105  1838 27
  84   216               132    51   156    51         115    64        1838 28
                         166    85   137          34          61        1838 29
 121               131          91                32    90    86    91  1838 30
                                     126                            74  1838 31
-------------------------------------------------------------------------------
144.9  84.8 140.8 126.6 137.6  94.5 108.2  78.8  73.6  90.8  77.4  79.8   Mean
-------------------------------------------------------------------------------
Yearly Mean = 103.2
