                           DAILY SUNSPOT NUMBERS 1935
===============================================================================
 Jan   Feb   Mar   Apr   May   Jun   Jul   Aug   Sep   Oct   Nov   Dec   Yr Day
-------------------------------------------------------------------------------
  34    10    19     0    17    34    41    10    30    71    22    50  1935 01
  27    10    16     0    26    39    29    11    36    73    17    57  1935 02
  27     9    19     0    46    34    29    22    37    68    42    64  1935 03
  22     9    12     7    56    34    24    24    46    52    46    65  1935 04
  17    10    18     0    56    31    28    18    47    61    46    53  1935 05
  21    29    15     0    56    41    29    28    46    57    41    67  1935 06
  19    48     8     0    56    25    22    43    47    53    59    77  1935 07
  12    30     8    11    62    46    50    49    47    40    59    79  1935 08
  11    24    17    21    54    59    43    26    53    12    67    85  1935 09
   9    28    27    22    41    73    38    33    32     7    61    65  1935 10
  11    22    34    16    46    74    43    29    23    25    68    77  1935 11
  24    26    44    22    41    66    58    38    22    37    68    85  1935 12
  24    18    56    34    41    55    62    37    33    65    97    63  1935 13
  28    27    72    30    49    41    51    34    29    58    98    59  1935 14
  16    22    68    37    32    49    48    29    26    69   111    67  1935 15
  16    20    50    22    27    42    49    26    33    68   104    59  1935 16
  14    10    43    18     8    38    47    20    34    95   102    58  1935 17
  13     7    33    20     0    43    46    29    33    84    94    48  1935 18
  10    19    40    11     0    38    51    23    31    79    91    27  1935 19
   9    28    34    16     0    67    60    52    20    64    70    27  1935 20
   7    21    24    15     0    50    36    55    18    76    71    44  1935 21
  14    29    17    16     0    35    32    40    21    67    52    41  1935 22
  16    17    12     9     0    29    30    34    45    63    62    47  1935 23
  31    17     8     7    17    38    29    35    56    63    45    53  1935 24
  32    25     7     7     7    44    23    32    59    65    44    79  1935 25
  31    18     8     0     8    51    19    29    69    59    56    62  1935 26
  26    20     7     0     8    56    11    13    80    40    58    79  1935 27
  26    20     0     0     8    52     8    26    71    28    58    63  1935 28
  11           0     8    17    45     0    28    78    24    64    61  1935 29
   9           0    16    30    42     8    24    61    13    53    70  1935 30
  11           0          38           8    37          13          75  1935 31
-------------------------------------------------------------------------------
 18.6  20.5  23.1  12.2  27.3  45.7  33.9  30.1  42.1  53.2  64.2  61.5   Mean
-------------------------------------------------------------------------------
Yearly Mean = 36.1
