                           DAILY SUNSPOT NUMBERS 1913
===============================================================================
 Jan   Feb   Mar   Apr   May   Jun   Jul   Aug   Sep   Oct   Nov   Dec   Yr Day
-------------------------------------------------------------------------------
   8     0     0     0     0     0     0     0     0     0     0     0  1913 01
   7     0     0     0     0     0     0     0     0     0     0     0  1913 02
   8     0     0     0     0     0     0     0     0     0     0     0  1913 03
   0     0     0     0     0     0     0     0     0     0     0     0  1913 04
   0     0     0    10     0     0     0     0     0     0     0     0  1913 05
   0     0     0    11     0     0     0     0     0    10     0     0  1913 06
   0     0     0     7     0     0     0     0    13    10     0     0  1913 07
   0     0     0     0     0     0     0     0    12     7     0     0  1913 08
   0     0     0     0     0     0     8     0    10     0     0    12  1913 09
   0     0     0     0     0     0     8     0     0     0     0    16  1913 10
   0     0     0     0     0     0    10     0     0     0     0    22  1913 11
   0     0     0     0     0     0    13     0     0     0     0    18  1913 12
   0     0     7     0     0     0     8     0     0     0     0    14  1913 13
  10     0     7     0     0     0     7     0     0     0     0     7  1913 14
   9     0     0     0     0     0     0     0     0     0     0     0  1913 15
   7     0     0     0     0     0     0     0     0     0     0     0  1913 16
   7     0     0     0     0     0     0     0     0     0     0     0  1913 17
   0     0     0     0     0     0     0     0     0     0     0     0  1913 18
   0     7     0     0     0     0     0     0     0     0     0     0  1913 19
   0    11     0     0     0     0     0     0     0     0     0     0  1913 20
   0     8     0     0     0     0     0     0     0     0     0     0  1913 21
   0    11     0     0     0     0     0     0     0     0     0     0  1913 22
   0    12     0     0     0     0     0     7     0     0     0     0  1913 23
   0     9     0     0     0     0     0     0     0     0     7     0  1913 24
   0     7     0     0     0     0     0     0     0     8     8     0  1913 25
   8     8     0     0     0     0     0     0     0    10     6     0  1913 26
   6     8     0     0     0     0     0     0     0    12     0     0  1913 27
   0     0     0     0     0     0     0     0     0    10     0     0  1913 28
   0           0     0     0     0     0     0     0    10     0     0  1913 29
   0           0     0     0     0     0     0     0    11     0    15  1913 30
   0           0           0           0     0           8          13  1913 31
-------------------------------------------------------------------------------
  2.3   2.9   0.5   0.9   0.0   0.0   1.7   0.2   1.2   3.1   0.7   3.8   Mean
-------------------------------------------------------------------------------
Yearly Mean = 1.4
