                           DAILY SUNSPOT NUMBERS 1933
===============================================================================
 Jan   Feb   Mar   Apr   May   Jun   Jul   Aug   Sep   Oct   Nov   Dec   Yr Day
-------------------------------------------------------------------------------
   0    45    10     9     0     0     0     0     0     0    10     0  1933 01
   0    48    10     8     8     7     0     0     7     0     0     0  1933 02
   8    67    10     0     0     7     0     0     7     0     0     0  1933 03
  15    59    13     0     0     7     0     0     7     0     8     0  1933 04
  17    62    11     0     0     7     0     0     0     0     0     0  1933 05
  17    67    11     0     0    14     7     0    15     0     0     0  1933 06
  19    53    11     0     0     2    17     0    19     0     0     0  1933 07
  20    53    14     0     0     0    17     0    12     0     0     0  1933 08
  16    47     9     0     3     0    18     0    11     0     0     0  1933 09
  18    33     8     0     8     0    14     0     7     8     0     0  1933 10
  17    33     7     0     0     0     8     0     0     0     0     8  1933 11
  26    16     7     0     0     0     7     7     0     2     0     0  1933 12
  42    11     0     0     0    12     0     0     0     0     0     0  1933 13
  36     8     0     0     0    16     0     0     0     0     0     0  1933 14
  27     0     0     0     0    19     0     0     0     0     0     0  1933 15
  14     0     0     0     0    14     0     0     0     0     0     0  1933 16
   7     0     0    13     0    10     0     0     0     0     0     0  1933 17
   0     0     0    13     0     8     0     0     0     0     0     0  1933 18
   0     0     0    20     8     8     0     0     0     0     0     0  1933 19
   0     0     0    10    12     8     0     0     0     0     0     0  1933 20
   0     0     0     8    12     8     0     0     7     0     0     0  1933 21
   0     0    12     0    11     9     0     0    11     0     0     0  1933 22
   0     0    14     0    17     0     0     0    11     0     0     0  1933 23
   0     0    14     0    12     0     0     0     8     0     0     0  1933 24
   0     0    24     0     8     0     0     0     0     0     0     0  1933 25
   0     0    29     0     0     0     0     0     0     7     0     0  1933 26
   0     8    26     0     0     0     0     0     0    20     0     0  1933 27
   9    11    28     0     0     0     0     0    11    19     0     0  1933 28
  12          22     7     0     0     0     0    12    14     0     0  1933 29
  25          13     0     0     0     0     0     8    13     0     0  1933 30
  35          10           0           0     0          10           0  1933 31
-------------------------------------------------------------------------------
 12.3  22.2  10.1   2.9   3.2   5.2   2.8   0.2   5.1   3.0   0.6   0.3   Mean
-------------------------------------------------------------------------------
Yearly Mean = 5.7
