                           DAILY SUNSPOT NUMBERS 1994
===============================================================================
 Jan   Feb   Mar   Apr   May   Jun   Jul   Aug   Sep   Oct   Nov   Dec   Yr Day
-------------------------------------------------------------------------------
  86    29    49    17    18     0    32    11    38    16    45    11  1994 01     
  77    31    56     0    35     0    43    10    49    18    48     9  1994 02     
  93    38    62     0    26     0    39    13    59    16    34     0  1994 03     
 103    44    54     0    12     0    41    14    53    27    28    10  1994 04     
 104    38    50     7     9     0    27    18    65    48    31    15  1994 05     
 101    40    60     0    10    12    27    17    57    53    24    12  1994 06     
  94    46    52     0    14    16    47    13    57    46    17    20  1994 07     
  81    41    46     8    19    43    60    12    47    44    16    25  1994 08     
  66    40    41     8    12    43    49    12    41    50    23    42  1994 09     
  47    32    29     9    17    50    60    15    31    49    24    44  1994 10     
  42    29    32    11    19    63    72    20    19    48    16    57  1994 11     
  41    36    40    10    27    53    68    36    10    45    17    51  1994 12     
  45    46    36    13    32    59    59    39     9    48     8    40  1994 13     
  36    39    18    12    31    58    45    44     9    60     9    35  1994 14     
  35    34    26    19    30    54    43    42     8    57     8    32  1994 15     
  29    37    22    12    33    52    54    43     8    51     8    26  1994 16     
  25    43    22    17    39    42    53    41    12    39    10    35  1994 17     
  30    42    18    17    33    37    48    39    22    55    19    34  1994 18     
  28    28    13    21    28    30    27    43    14    56    15    33  1994 19     
  35    16     8    28    25    19    29    30     0    49     9    21  1994 20     
  53    19    17    31    25    12    27    19     0    41     7    18  1994 21     
  65    35    24    38    21    15    19    10    11    29     8    30  1994 22     
  60    33    22    37    19    24    16    23    12    28     8    21  1994 23     
  70    34    32    40     9    37    14    12    14    28     8    30  1994 24     
  66    29    37    30     9    28    12    12    16    27    18    36  1994 25     
  67    32    24    30     0    15    17    12    26    56    17    43  1994 26     
  58    38    15    31     0    10    14    11    28    57    20    29  1994 27     
  49    46    14    15     0    15    16    13    21    57    23    17  1994 28     
  43     -    14     9     0    26     7    16    17    55    11    17  1994 29     
  38     -    26    12     0    27    12    22    17    59    10    10  1994 30     
  26     -    24     -     0     -    10    35          51           9  1994 31     
-------------------------------------------------------------------------------
  57.8 35.5  31.7  16.1  17.8  28.0  35.1  22.5  25.7  44.0  18.0  26.2
-------------------------------------------------------------------------------
Yearly Mean = 29.9             All values are final.  
