                           DAILY SUNSPOT NUMBERS 1897
===============================================================================
 Jan   Feb   Mar   Apr   May   Jun   Jul   Aug   Sep   Oct   Nov   Dec   Yr Day
-------------------------------------------------------------------------------
  52    59    43    31    34    17    22    24    34    29     9    28  1897 01
  44    67    43    46    34    13    26    22    43    37    16    29  1897 02
  26    67    46    47    48    14    31    23    69    22     9    25  1897 03
  60    75    50    44    48    17    17    19    60    37     7    53  1897 04
  51    53    54    39    56    14    17    17    83    42     7    48  1897 05
  47    57    55    57    30     7    16    30    73    22     8    50  1897 06
  65    36    47    68    31     7    26    32    64    28    10    60  1897 07
  48    36    30    68    32     0    41    30    80    20     9    65  1897 08
  57    12    46    85    22     0    35    42    94     9     7    56  1897 09
  57    20    46    80    20     0    31    37    64    15     0    43  1897 10
  39    20    22    55    11     0    23    29    46    20     0    66  1897 11
  35    13    16    59    13    10    19    44    46     9     0    56  1897 12
  50    10    18    43     0    19    23    31    33    22    17    48  1897 13
  41    11     7    29     0    19    37    40    30     7     8    53  1897 14
  45    14    29    12     0    15    38    20    11    17     0    49  1897 15
  44     7    37    14     0     9    35    16    10    11     0    54  1897 16
  46    16    41     7     0     7    23    14     7    11     9    40  1897 17
  37    11    20     7     0     0    18     7    34    10     7    37  1897 18
  48     7    13    23     8     0    16     9    47     0     7    28  1897 19
  38     7    16    18    13     7    21     8    43    16    18     8  1897 20
  42     7     0    18    26    13    31     8    60    20    16     7  1897 21
  37     8    13     7    18    27    37    19    42    10     0     7  1897 22
  52    16     7     0    23    14    26    14    54     8     0     7  1897 23
  35    26    19     0    11    16    32    17    54     9     0     7  1897 24
  25    34    21     7    23    16    38    16    45     0    11     0  1897 25
  20    40    21    14    14    16    31    22    40     0    16     9  1897 26
   7    46    17     0    20     7    25    23    49     0     7    20  1897 27
  21    47    31     7    24    13    31     8    43     0    13    16  1897 28
  25          31    25    24    19    33    14    52     0     8    15  1897 29
  15          33    20    20    23    27    17    34     0    32    23  1897 30
  50          31          17          31    25          13          24  1897 31
-------------------------------------------------------------------------------
 40.6  29.4  29.1  31.0  20.0  11.3  27.6  21.8  48.1  14.3   8.4  33.3   Mean
-------------------------------------------------------------------------------
Yearly Mean = 26.2
