                           DAILY SUNSPOT NUMBERS 1990
===============================================================================
 Jan   Feb   Mar   Apr   May   Jun   Jul   Aug   Sep   Oct   Nov   Dec   Yr Day
-------------------------------------------------------------------------------
 186   171   173   103    70    96   272   146   120   110    77   127  1990 01
 176   161   171   114    59    80   253   175   116   112    81   160  1990 02
 166   124   163   113    61    73   264   151   126   140   108   180  1990 03
 174   113   126   127    86    77   241   137   134   134   146   186  1990 04
 164    97    98   132    80    79   213   128   118   123   154   167  1990 05
 144    80   104   138   106   101   186   124   118   124   197   169  1990 06
 129    82   105   128   132   107   173   120   112   135   209   182  1990 07
 138    95    88   128   138    99   135   136   112   141   208   177  1990 08
 125   103    71    88   133    87   102   145   113   148   188   176  1990 09
 134    79    80    82   116   107    88   160   121   153   163   175  1990 10
 164    75    73    88   126   126   106   161   116   195   167   157  1990 11
 172    80    85    77   146   115   110   167   124   192   151   138  1990 12
 179    85    83   123   144   122   114   192   142   214   118   117  1990 13
 147    75    90   142   141   118   118   215   178   202   119    95  1990 14
 157    78   110   171   144   102    98   229   162   218   113    88  1990 15
 152    64   129   170   157   110    95   232   156   192   102   104  1990 16
 164    54   123   199   167   100    87   269   137   188   110   112  1990 17
 177    77   167   203   170    83    57   270   136   181    97   121  1990 18
 199   107   202   213   187    79    61   290   151   181   109   134  1990 19
 236   134   217   206   187    68    81   295   145   169    98   114  1990 20
 217   159   211   212   193    57   123   278   150   136   102   117  1990 21
 208   191   195   207   187    71   143   262   141   140   125    99  1990 22
 200   239   206   174   160    64   165   281   117   134   114    91  1990 23
 191   249   209   157   158    88   201   276   101   131   118    95  1990 24
 206   245   204   160   146    94   204   263    94   125   110   101  1990 25
 203   234   188   118   134   103   196   220    93   102   117   104  1990 26
 211   217   168   124   139   140   177   188    77   111   109   104  1990 27
 193   187   129   103   121   184   165   176   113   119   134   111  1990 28
 185         132    94   118   203   144   186   119    98   144   109  1990 29
 198         133   114    90   230   117   181   115    87   153   103  1990 30
 201         115         101         142   155          77         108  1990 31
-------------------------------------------------------------------------------
177.3 130.5 140.3 140.3 132.2 105.4 149.4 200.3 125.2 145.5 131.4 129.7   Mean
-------------------------------------------------------------------------------
Yearly Mean =142.6
