                           DAILY SUNSPOT NUMBERS 1950
===============================================================================
 Jan   Feb   Mar   Apr   May   Jun   Jul   Aug   Sep   Oct   Nov   Dec   Yr Day
-------------------------------------------------------------------------------
 101    60    95    72   144    88    70    94    49    41    78    82  1950 01
 100    38    75    80   146    84    58   110    59    41    62    80  1950 02
  92    33    90   122   132    84    58   106    49    41    57    82  1950 03
  84    36   128   133   130    66    66    84    51    50    67    75  1950 04
  76    53   134   136   129    58    75    90    31    50    79    61  1950 05
  85    43   148   139   139    54    88    83    27    45    94    46  1950 06
  84    32   184   151   130    50    98    76    23    54    80    85  1950 07
  86    20   187   114   121    70    77    72    24    78    55   108  1950 08
  64    29   163   120   108    65    67    70    38    84    61    94  1950 09
  83    43   150   109   105   108    68    75    31    79    60    94  1950 10
  75    66   156    88   101   102    78    70    28    68    46    96  1950 11
  85    72   128    91    71    72    68    74    37    88    48   115  1950 12
  83    85   124    95    69    95    67    84    65    75    42    94  1950 13
  80   125   133    97    60   101    98    68    85    72    61    79  1950 14
  75   144   130   103    47    94    75    80    80   106    81    59  1950 15
  70   156   110   120    57    84    89    93    83   103    62    42  1950 16
  82   154   100   120    61    83    96   106    85    99    66    26  1950 17
  91   166   108    85    79    78    83    93    87    74    58    19  1950 18
 110   197   101    90    86    78   102   114    80    50    50     7  1950 19
 130   190    90    93    89    66   130   113    65    48    36     0  1950 20
 155   170    80    85    92    55   108   103    58    27    22     7  1950 21
 163   162    70    70   112    86   125    95    51    20    18     0  1950 22
 150   137    76    96   128   107   115   115    44    22    16     0  1950 23
 157   113    72   128   162   108   108   103    56    32    13    31  1950 24
 140    96    73   138   142   128    96    92    41    30    20    39  1950 25
 130    80    80   142   134   113   118    77    45    37    32    56  1950 26
 110    73    73   119   131    97   112    76    49    51    64    58  1950 27
 111    82    69   160   121    74   110    55    38    55    74    35  1950 28
  98          97   153   109    82   112    58    49    95    69    41  1950 29
 118         100   154    86    78   106    58    32   107    73    23  1950 30
  82          78          72         100    54          80          43  1950 31
-------------------------------------------------------------------------------
101.6  94.8 109.7 113.4 106.2  83.6  91.0  85.2  51.3  61.4  54.8  54.1   Mean
-------------------------------------------------------------------------------
Yearly Mean = 83.9
