                           DAILY SUNSPOT NUMBERS 1907
===============================================================================
 Jan   Feb   Mar   Apr   May   Jun   Jul   Aug   Sep   Oct   Nov   Dec   Yr Day
-------------------------------------------------------------------------------
  81    94    97    53    20    14    18    46    65    61    38    13  1907 01
  70    98   100    77     8    26    28    49    70    82    41    10  1907 02
 103    89    90    86    30    26    37    41    66    58    34    11  1907 03
  72    97   107    95    39    17    32    44    71    55    52    18  1907 04
 100   131   119    89    49    25    33    64    70    54    47    26  1907 05
 103   119    90   107    68    32    23    53    89    29    54    38  1907 06
  38   104   103    88    80    21    26    59    96    26    61    49  1907 07
  48   130    94    76    83    14    32    53   116    37    83    45  1907 08
  51   127   101    66    77    28    26    43   105    56    73    52  1907 09
  58   104    89    50    84    23    28    52   106    88   122    79  1907 10
  71   173    76    49    62    23    49    52    98    77   110    85  1907 11
  93   146    82    40    77    35    62    49   111    91   136    68  1907 12
  82   151    77    38    61    59    55    46   111    90    90    68  1907 13
 110   137    47    68    59    72    59    62    90    94    86    67  1907 14
 113   125    68    46    62    67   103    71    79    78    77    80  1907 15
 118    94    86    25    38    65    85    70    52    85    60    90  1907 16
 100    99    55    26    43    92    74    62    70   100    71    70  1907 17
  92    70    49    27    30    98    62    70    72   100    68    64  1907 18
  69    62    38    33    19    83    53    77    75    80    87    59  1907 19
  70    75    34    43    42    87    64    68    75    91    64    60  1907 20
  54    90    40    65    37    55    67    68    80   109    60    55  1907 21
  56   109    33    47    40    59    54    68    69   109    53    55  1907 22
  59   103    31    32    45    47    67    45    67    88    52    49  1907 23
  63   125    37    37    44    32    48    50    72    62    55    41  1907 24
  66   100    27    49    23    43    46    37    93    47    59    40  1907 25
  60   107    17    47    17    24    48    23   103    28    29    24  1907 26
  68    89    22    41    16     8    39    31   106    35    34    23  1907 27
  55    81     8    33    18    10    61    58    92    27    29    20  1907 28
  58          23    22    28    13    68    64    92    21     7    38  1907 29
  85          14    23    14    13    52    61    89    22    13    40  1907 30
 102          27          17          42    46          47          30  1907 31
-------------------------------------------------------------------------------
 76.4 108.2  60.7  52.6  42.9  40.4  49.7  54.3  85.0  65.4  61.5  47.3   Mean
-------------------------------------------------------------------------------
Yearly Mean = 62.0
